143
97 0 -1 0 97
1 96 1 0 103
5 100 0 -1 105
99 4 0 1 97
8 98 -1 -1 153
7 95 1 1 149
98 11 0 1 91
92 5 0 1 103
4 90 -1 -1 147
14 99 0 -1 113
93 8 -1 0 101
0 85 1 0 115
7 92 1 0 101
13 97 0 -1 110
0 83 1 0 117
4 87 0 -1 91
100 17 -1 0 117
8 90 -1 -1 149
17 98 1 0 85
87 7 -1 -1 147
21 100 0 1 121
81 2 -1 0 83
93 14 -1 0 107
11 89 1 -1 90
91 13 -1 -1 152
6 82 0 -1 88
89 13 -1 0 102
0 76 1 -1 138
86 11 0 1 103
83 10 0 1 107
2 75 1 0 123
9 82 1 0 109
95 22 -1 0 117
22 94 0 -1 116
23 94 1 0 83
24 95 0 -1 119
1 71 1 0 128
75 6 -1 0 81
26 93 0 -1 119
23 90 0 -1 113
88 21 -1 0 109
33 100 0 1 133
87 20 -1 0 107
67 1 1 -1 167
11 76 1 0 113
95 30 -1 0 125
90 25 -1 0 115
96 31 0 1 73
31 95 1 -1 132
91 28 0 1 81
17 80 0 -1 97
11 74 1 0 115
36 97 0 -1 133
94 34 -1 -1 164
85 26 0 1 89
35 93 0 -1 128
2 59 0 -1 61
94 37 -1 0 131
82 26 0 1 92
15 70 1 0 115
78 23 0 1 99
67 12 0 1 121
87 32 -1 0 119
44 99 0 -1 143
0 52 -1 1 174
94 43 -1 0 137
94 44 -1 -1 169
88 39 0 1 73
19 68 1 0 113
50 1 0 1 149
32 81 1 0 87
80 31 0 1 89
95 47 -1 -1 171
52 5 0 1 143
11 58 1 0 131
93 46 -1 0 139
51 4 -1 0 55
84 38 -1 0 122
64 19 0 1 117
46 91 0 -1 137
56 11 0 1 133
69 24 0 1 107
27 72 1 0 101
54 10 1 1 168
8 51 1 0 141
1 44 1 0 155
70 27 0 1 103
12 55 1 0 133
90 47 -1 0 137
8 50 1 1 171
77 36 -1 0 113
8 48 -1 1 180
39 79 -1 -1 159
25 64 0 -1 89
42 3 0 1 155
45 84 0 -1 129
66 27 -1 0 93
77 39 -1 -1 158
89 52 -1 0 141
9 45 1 0 146
58 23 -1 0 81
89 54 -1 0 143
29 63 -1 1 183
55 88 1 0 57
62 95 0 -1 157
63 31 0 1 106
84 53 -1 0 137
10 41 0 -1 51
94 63 -1 0 157
60 91 0 -1 151
97 67 -1 -1 182
27 56 1 0 117
12 40 1 0 148
68 95 1 0 37
39 66 1 0 95
3 29 1 0 168
37 62 1 0 101
94 69 -1 0 163
89 65 -1 -1 177
54 77 0 -1 131
57 79 -1 1 189
100 78 0 1 22
3 24 1 0 173
49 28 0 1 123
11 31 1 1 179
7 26 1 0 167
74 93 0 -1 167
16 35 1 0 149
39 57 1 0 104
43 60 1 0 97
18 33 1 0 149
3 18 1 0 179
77 90 0 -1 167
47 34 0 1 119
7 19 1 1 187
1 12 0 -1 13
89 79 -1 -1 184
66 73 0 -1 139
18 11 0 1 171
29 34 1 0 137
48 49 1 0 103
40 39 0 1 121
0 0 1 1 400
148
1 100 1 0 99
97 0 -1 0 97
99 3 -1 1 148
3 97 -1 -1 150
5 98 1 0 97
97 6 -1 0 103
99 11 -1 1 144
87 1 1 -1 157
91 5 1 -1 157
7 92 0 -1 99
2 87 1 0 111
98 15 -1 0 113
96 13 -1 0 109
14 97 0 -1 111
90 7 0 1 103
85 2 -1 0 87
100 18 1 1 141
2 83 1 0 115
9 90 1 0 101
86 5 0 1 109
13 92 0 -1 105
82 3 0 1 115
4 82 -1 1 161
79 1 0 1 120
3 81 1 -1 139
0 78 1 1 161
87 11 -1 -1 149
100 24 -1 0 124
1 76 1 0 123
6 81 1 0 113
12 85 0 -1 97
87 16 0 1 97
19 88 0 -1 107
98 29 -1 0 127
73 4 -1 0 77
72 3 0 1 125
20 89 0 -1 109
98 30 1 1 136
95 28 -1 0 123
17 84 1 0 99
99 32 -1 0 131
27 94 0 -1 121
5 72 1 0 123
96 30 1 -1 167
31 97 1 1 136
95 30 -1 0 125
23 88 0 -1 111
30 95 0 -1 125
76 11 -1 0 87
73 9 -1 0 82
0 64 -1 1 168
0 63 -1 0 137
6 69 1 0 125
33 96 1 0 71
4 67 0 -1 71
85 23 1 1 146
83 22 0 1 95
100 39 1 0 139
74 14 0 1 112
97 38 -1 0 135
18 77 1 0 105
89 31 1 1 140
63 7 -1 1 128
37 92 0 -1 129
69 14 0 1 117
16 71 1 0 113
16 70 1 1 157
56 3 0 1 141
73 20 -1 0 93
0 52 -1 1 174
35 86 1 0 79
40 91 0 -1 131
94 43 -1 0 137
96 45 -1 0 141
91 40 -1 0 131
68 19 -1 0 87
39 88 0 -1 127
59 10 -1 0 69
0 48 1 1 176
88 41 -1 0 129
97 50 -1 0 147
42 89 0 -1 131
95 49 1 -1 177
94 49 0 1 57
1 46 1 0 153
93 48 -1 0 141
8 53 1 0 139
67 22 0 1 111
31 75 1 1 147
95 52 -1 0 147
54 97 1 0 49
22 65 1 0 113
61 18 0 1 121
45 88 0 -1 133
25 66 0 -1 91
16 57 1 0 127
26 67 0 -1 93
15 56 0 -1 71
33 73 1 -1 120
53 14 0 1 133
28 67 0 -1 95
70 31 -1 0 101
100 61 0 1 39
35 73 -1 1 181
22 59 1 0 119
92 55 -1 0 147
49 12 0 1 139
48 85 0 -1 133
62 25 0 1 113
58 23 -1 0 81
51 16 0 1 133
47 12 0 1 141
36 1 0 1 163
70 37 -1 0 107
63 94 0 -1 157
65 34 -1 0 99
64 33 -1 0 97
64 94 -1 -1 179
64 91 1 0 45
24 51 1 0 125
41 68 0 -1 109
10 35 1 0 155
1 26 1 0 173
46 22 1 1 166
77 54 0 1 69
99 79 -1 -1 189
75 94 0 -1 169
93 75 -1 -1 184
34 17 0 1 149
96 79 -1 0 175
32 17 0 1 151
80 95 0 -1 175
84 70 1 1 123
71 58 0 1 71
91 78 0 1 31
18 7 -1 0 25
33 44 1 0 123
16 25 1 0 159
58 49 -1 0 107
38 47 1 0 115
29 21 1 -1 196
10 3 -1 0 13
5 12 1 0 183
57 64 0 -1 121
97 93 -1 -1 195
65 68 0 -1 133
92 93 0 -1 185
0 0 1 1 400
166
68 32 1 1 53
37 37 -1 1 45
15 15 -1 1 13
75 25 1 1 68
58 42 1 1 106
30 70 -1 -1 13
50 98 1 -1 24
100 52 -1 1 24
97 51 -1 1 73
6 51 1 0 45
42 100 1 0 56
98 100 0 -1 2
4 54 0 1 42
46 4 1 0 58
48 7 -1 -1 42
6 35 1 0 29
5 45 -1 -1 25
48 8 -1 -1 28
1 40 -1 -1 89
88 49 -1 0 39
99 39 -1 1 80
53 9 1 1 69
56 94 -1 -1 125
7 44 0 -1 51
95 58 -1 0 37
37 0 0 1 37
60 96 1 -1 68
62 98 1 -1 18
98 38 1 1 82
0 65 -1 0 35
11 46 1 0 43
58 8 1 1 67
98 36 1 1 83
2 35 1 0 33
0 33 0 -1 33
6 39 -1 -1 76
70 37 0 1 93
56 11 0 1 45
62 5 -1 0 57
83 50 0 -1 67
96 36 1 -1 20
57 89 -1 1 34
2 67 -1 -1 99
97 32 0 -1 29
93 38 -1 1 30
63 68 1 0 69
1 69 -1 1 16
51 19 1 1 65
58 12 -1 0 70
52 81 0 -1 33
48 19 1 0 33
10 61 1 -1 59
69 2 0 1 67
12 40 1 0 48
16 44 0 1 40
1 29 1 1 35
98 29 -1 0 27
51 77 0 -1 28
98 28 1 -1 65
87 39 1 -1 76
80 54 -1 0 34
46 80 -1 -1 63
45 80 1 -1 39
84 41 0 1 43
82 57 -1 0 39
16 41 0 1 43
20 44 -1 -1 82
86 38 -1 1 74
19 42 0 1 77
25 98 -1 0 27
8 69 0 -1 77
18 41 0 1 77
95 72 -1 0 67
45 23 -1 -1 34
74 96 -1 1 39
52 26 0 1 126
20 42 0 -1 62
88 34 -1 -1 61
45 76 1 0 31
27 94 0 -1 67
17 38 0 -1 55
82 62 -1 0 20
36 84 1 -1 24
100 20 1 0 17
83 20 0 1 63
35 15 1 1 25
1 80 -1 -1 42
41 38 -1 0 79
50 31 1 0 81
79 98 1 0 23
61 21 0 1 40
25 7 -1 1 9
22 39 0 -1 61
23 60 1 0 17
25 42 0 1 33
65 18 0 1 147
50 33 -1 0 83
9 75 1 -1 133
23 7 -1 -1 15
15 31 1 0 154
1 17 -1 -1 159
71 14 1 0 43
84 99 1 0 17
35 80 1 1 79
86 41 0 -1 55
16 99 -1 1 26
10 75 1 0 15
2 84 0 1 18
82 96 1 1 11
76 38 -1 -1 157
28 42 1 -1 7
30 83 -1 0 47
73 86 -1 0 59
44 32 1 1 62
21 67 -1 1 77
64 24 0 1 40
78 10 1 1 6
91 80 0 1 29
51 38 0 1 13
24 13 1 1 65
89 78 -1 0 11
36 53 0 1 11
71 81 1 0 48
72 82 -1 1 45
33 57 1 0 124
39 49 1 0 112
100 90 1 0 190
60 70 0 -1 30
39 29 -1 -1 34
88 97 1 0 15
68 23 1 0 55
90 1 -1 1 54
36 55 0 1 9
14 78 0 1 8
78 86 1 1 68
32 24 -1 -1 28
16 91 -1 0 25
48 59 -1 0 89
40 67 0 -1 27
100 7 0 -1 7
67 27 -1 1 70
96 91 -1 0 5
26 21 0 1 153
13 18 0 -1 31
92 13 0 -1 21
3 8 1 0 5
78 73 0 1 5
2 7 1 0 5
69 73 1 1 29
5 9 0 -1 14
96 8 0 -1 12
66 30 -1 1 68
79 18 1 0 3
55 58 0 -1 3
25 78 0 -1 3
81 79 0 1 40
31 71 -1 1 80
3 1 -1 -1 52
73 71 0 1 56
58 41 0 1 17
41 60 0 -1 1
86 85 0 -1 99
9 8 -1 0 17
36 65 -1 0 71
0 0 1 1 400
2 98 1 -1 400
254
24 76 1 1 34
76 76 -1 1 39
30 30 -1 1 63
39 39 1 -1 53
94 6 -1 -1 98
41 59 -1 -1 48
26 26 1 -1 30
98 49 -1 -1 133
35 84 0 -1 19
48 98 1 1 27
1 53 0 1 48
100 55 0 1 21
100 76 -1 -1 38
4 49 -1 1 60
56 91 1 0 53
51 5 -1 0 56
2 46 1 1 26
46 97 0 -1 31
46 66 -1 1 40
50 7 1 -1 49
99 42 0 -1 43
2 43 -1 -1 17
15 26 1 0 11
90 50 -1 1 20
49 9 0 1 42
59 1 0 1 40
99 59 1 -1 30
51 9 0 1 40
6 46 1 1 74
10 52 1 1 19
89 49 -1 1 20
57 5 -1 0 62
3 40 -1 -1 36
33 4 -1 0 37
10 47 1 0 43
53 10 -1 1 35
18 45 1 0 27
12 51 0 1 11
12 62 1 -1 25
1 37 0 1 64
7 43 1 -1 18
37 2 0 1 61
14 48 0 1 21
14 69 1 0 17
51 85 1 0 64
87 54 -1 0 141
57 10 0 1 33
96 63 0 1 41
83 49 -1 1 17
7 61 -1 1 23
16 52 1 -1 68
55 87 -1 1 34
90 58 -1 1 16
36 95 0 1 9
36 96 1 1 34
93 38 -1 0 55
83 48 0 -1 25
83 23 -1 0 6
0 31 -1 0 31
59 90 -1 -1 43
16 47 1 0 37
83 52 -1 1 15
68 67 0 1 65
95 36 -1 0 25
70 36 0 -1 6
63 7 1 0 44
86 56 -1 1 15
37 93 1 -1 28
7 37 -1 -1 22
62 92 1 1 23
59 89 1 0 30
55 15 0 1 40
50 21 -1 0 29
58 87 1 -1 25
83 62 0 1 55
0 71 0 1 19
0 90 1 -1 45
11 40 0 1 49
29 0 0 1 71
3 68 1 -1 42
45 26 -1 0 71
8 64 1 0 28
21 51 1 0 30
53 81 1 -1 14
84 44 -1 1 20
91 37 -1 1 27
34 94 -1 1 20
66 93 1 0 41
97 30 1 1 43
60 73 1 0 13
42 85 -1 -1 16
26 69 1 0 5
82 45 0 1 37
81 55 -1 0 36
22 48 1 1 15
96 30 1 -1 17
44 82 -1 0 26
50 75 0 -1 25
28 97 0 -1 25
10 35 0 -1 45
2 27 1 0 25
45 20 0 1 35
40 16 -1 0 56
31 7 1 1 81
100 24 1 0 19
81 24 0 -1 5
54 78 0 -1 32
3 74 1 0 23
27 96 0 -1 23
55 78 0 -1 21
55 57 -1 1 49
25 98 -1 0 27
56 21 -1 0 35
31 8 -1 0 23
76 98 1 1 13
90 32 -1 1 29
22 0 -1 0 22
51 73 1 -1 11
35 13 1 1 26
12 67 0 1 45
74 47 0 1 79
85 64 -1 0 21
36 84 -1 0 52
22 2 -1 -1 12
72 8 1 -1 18
21 59 1 0 38
18 63 1 -1 16
34 47 1 0 19
30 49 0 1 81
32 87 -1 -1 57
25 30 0 -1 5
81 100 0 -1 19
22 3 0 1 19
77 96 1 0 27
77 4 0 1 19
90 71 0 1 39
73 45 -1 -1 9
38 80 -1 -1 9
37 81 1 -1 22
79 62 0 -1 83
78 39 -1 0 39
67 84 -1 -1 30
37 54 0 1 9
80 37 1 0 39
81 37 1 -1 28
26 58 0 1 68
84 0 1 0 16
89 73 1 1 19
33 83 -1 0 50
23 39 1 -1 8
19 35 0 1 46
75 10 1 0 35
56 29 1 0 15
48 33 0 1 19
94 21 0 1 85
17 97 1 1 43
86 100 1 1 7
71 15 0 1 14
27 13 1 -1 43
64 50 1 -1 43
64 22 -1 0 42
59 73 0 -1 14
5 82 1 0 13
14 99 1 -1 24
38 75 -1 0 13
23 36 1 0 13
15 2 -1 0 17
34 53 0 1 13
6 81 0 1 25
69 44 0 1 87
87 74 -1 0 13
2 14 1 0 12
89 23 1 1 44
27 39 0 -1 12
23 11 -1 -1 17
85 97 1 1 9
79 67 0 -1 88
31 58 0 1 11
87 98 0 -1 11
63 52 -1 0 15
100 89 0 1 11
74 15 -1 1 37
37 52 0 1 11
97 86 -1 0 11
17 94 -1 1 49
32 57 1 0 11
78 33 -1 0 11
98 88 -1 0 10
63 47 -1 0 16
60 50 1 -1 45
52 62 -1 -1 7
21 12 1 1 89
90 99 0 -1 9
61 48 0 1 91
25 34 0 -1 9
3 12 0 -1 15
78 87 1 0 35
39 52 0 1 9
18 9 0 1 9
42 66 1 -1 12
76 16 1 0 40
72 20 1 0 8
68 24 -1 0 44
78 86 1 0 36
70 22 0 1 8
29 79 1 0 92
22 86 -1 0 36
65 27 0 1 38
93 15 -1 0 8
7 100 0 1 7
42 35 0 1 23
93 100 0 1 7
13 20 1 -1 49
62 29 1 0 9
52 41 0 1 11
16 91 0 -1 7
76 17 0 1 7
67 60 0 -1 27
19 88 0 -1 69
49 58 -1 0 7
88 82 0 1 30
100 6 0 -1 6
7 13 1 -1 3
36 70 -1 0 6
87 19 -1 -1 53
11 6 -1 0 17
28 23 0 1 5
54 41 0 1 113
27 68 1 0 5
73 22 1 0 5
14 9 -1 0 23
84 21 -1 0 5
36 41 0 -1 5
68 36 -1 0 4
11 7 1 -1 48
70 74 1 0 4
85 81 1 -1 48
91 5 1 0 14
53 50 0 1 3
73 76 0 -1 3
72 69 0 1 3
93 90 0 1 17
8 89 1 0 3
40 37 1 0 23
91 94 1 0 15
14 12 0 1 2
21 23 1 -1 1
59 43 0 -1 84
4 94 -1 1 5
21 19 -1 1 101
64 63 0 1 1
84 15 1 0 31
0 0 1 1 400
1 99 1 -1 400
114
16 84 -1 -1 198
11 89 -1 -1 86
0 2 1 0 30
30 2 1 1 34
95 100 0 -1 105
5 6 1 -1 170
25 36 0 1 89
11 8 1 1 55
66 63 -1 0 103
82 99 1 1 79
39 22 1 0 39
8 12 0 1 28
8 40 -1 1 34
23 0 0 -1 77
19 4 0 1 61
19 65 1 0 16
81 94 -1 1 64
17 42 1 0 41
77 97 -1 1 40
0 26 1 1 37
7 19 1 0 112
12 15 0 1 97
14 17 1 0 103
17 15 1 -1 27
44 12 1 -1 134
69 98 -1 0 71
32 2 1 0 70
22 14 -1 1 54
98 66 1 -1 34
0 39 1 0 48
48 39 0 1 13
2 37 0 1 48
2 85 1 0 13
78 82 -1 -1 30
83 76 -1 -1 76
7 0 1 0 93
28 13 0 1 115
70 88 1 -1 159
42 3 0 1 55
36 10 1 -1 37
76 77 1 1 76
48 47 0 1 5
72 81 0 -1 53
16 32 1 1 126
89 62 0 -1 51
77 71 1 1 176
7 45 1 1 24
97 51 -1 -1 24
29 24 1 0 47
15 38 0 1 77
58 88 -1 1 35
93 53 -1 1 70
100 43 0 -1 43
64 79 -1 0 43
3 55 1 0 42
22 36 0 1 42
60 82 -1 -1 21
25 33 0 1 92
97 44 -1 -1 138
41 94 -1 0 35
48 91 -1 0 57
33 28 0 1 105
38 100 0 1 38
69 69 -1 0 100
60 3 0 1 37
39 25 1 1 18
42 94 -1 0 36
7 58 1 0 35
87 47 0 -1 60
38 28 0 1 110
35 99 1 -1 82
37 32 1 0 95
64 6 -1 1 79
94 36 1 -1 121
68 3 0 1 29
0 71 1 0 29
8 64 1 1 114
50 23 1 0 73
43 30 1 0 87
92 34 -1 0 26
70 55 -1 0 115
40 35 1 0 95
70 5 1 1 30
100 35 0 -1 35
26 49 0 1 77
59 66 0 -1 25
77 47 -1 1 65
5 72 1 0 23
74 3 0 1 171
93 29 -1 1 82
53 67 0 -1 114
9 73 0 1 36
80 3 0 1 17
70 47 0 -1 17
90 27 -1 0 17
83 1 1 0 18
57 57 0 -1 100
8 79 1 0 13
75 13 1 0 38
81 8 0 1 11
62 49 -1 0 113
66 43 0 -1 9
75 16 1 0 41
40 52 1 0 112
86 6 1 0 20
13 80 0 1 33
71 36 -1 0 7
73 21 1 -1 124
46 59 -1 0 5
24 73 0 1 51
7 96 -1 0 11
21 81 -1 1 20
63 36 0 1 127
1 99 1 -1 400
152
9 9 -1 1 10
63 37 -1 -1 16
49 100 0 1 51
52 98 0 -1 50
99 54 0 -1 55
98 54 -1 1 22
4 48 -1 1 78
92 51 1 1 198
90 49 -1 0 41
48 8 1 1 122
45 94 0 -1 149
39 100 0 1 39
53 8 -1 0 61
1 39 1 -1 169
92 54 -1 -1 73
8 46 -1 -1 127
48 11 1 0 63
56 93 -1 0 49
4 59 0 -1 63
50 86 -1 0 64
7 41 0 -1 34
34 100 1 1 33
60 94 -1 1 33
51 15 1 0 64
100 34 -1 0 34
92 41 1 -1 164
56 77 -1 0 33
99 66 0 1 35
47 14 -1 1 47
0 61 -1 0 61
38 5 0 1 33
87 54 0 1 59
10 58 0 1 52
91 60 0 1 28
91 88 -1 0 3
88 57 0 -1 69
98 67 -1 0 31
19 49 0 1 70
86 44 1 -1 29
69 99 1 0 32
57 13 1 0 56
57 87 1 -1 65
7 63 1 1 15
32 97 0 -1 29
7 64 0 -1 57
84 45 -1 -1 25
59 20 0 1 39
13 42 1 -1 62
75 20 1 0 45
44 16 -1 -1 80
61 89 -1 0 72
32 5 1 -1 56
88 51 0 -1 63
65 92 1 0 43
21 48 0 -1 69
96 70 -1 -1 33
26 0 -1 -1 63
78 48 1 -1 35
46 20 -1 -1 83
69 94 1 0 37
51 24 -1 0 75
9 66 0 -1 57
15 60 0 -1 75
81 56 -1 0 25
56 20 1 -1 32
13 37 0 -1 50
37 15 1 0 78
41 80 0 -1 39
92 71 0 1 37
90 31 0 -1 41
37 16 -1 0 53
75 5 1 1 110
11 69 1 0 158
25 6 -1 0 31
43 76 0 -1 133
77 42 0 -1 65
22 59 1 0 19
19 38 0 1 81
61 80 1 0 59
97 78 -1 0 19
2 20 0 -1 22
35 83 1 -1 124
78 61 -1 0 139
5 78 0 1 27
76 41 -1 -1 10
66 31 0 1 3
8 25 0 1 67
69 86 -1 0 83
54 29 -1 0 83
48 68 1 -1 60
22 94 1 -1 86
68 52 0 1 80
75 60 1 -1 97
28 37 1 0 35
32 17 -1 0 49
92 23 0 -1 31
25 90 -1 0 35
48 33 1 0 19
16 2 -1 -1 109
86 72 0 1 14
89 75 -1 0 164
70 43 0 -1 73
26 39 1 0 13
30 57 0 1 73
80 7 1 1 32
88 39 0 1 73
20 67 0 1 13
60 73 1 0 67
67 21 -1 1 23
94 18 -1 -1 56
12 76 -1 -1 44
96 16 -1 -1 6
37 49 -1 -1 143
39 50 0 -1 11
11 22 0 -1 33
63 48 -1 0 15
81 30 0 -1 11
85 26 -1 0 11
82 72 -1 -1 27
11 99 -1 1 156
42 67 -1 0 9
91 0 1 0 9
1 9 -1 1 46
80 88 0 -1 8
56 64 -1 0 92
13 95 1 1 146
75 32 -1 0 143
65 58 0 1 77
16 77 1 0 7
33 60 0 1 73
72 22 1 0 6
33 27 1 1 20
57 62 0 -1 19
93 98 0 -1 5
38 43 1 0 19
8 97 -1 0 11
23 82 0 -1 5
95 100 1 0 5
29 34 0 -1 5
66 38 1 -1 36
63 66 0 -1 29
27 76 0 -1 3
24 27 0 -1 3
46 51 0 1 95
17 14 -1 0 3
51 53 -1 -1 52
41 39 -1 0 80
13 85 1 0 172
37 62 0 1 1
87 12 0 1 1
1 1 1 1 400
3 97 1 -1 400
236
78 22 -1 -1 66
78 78 -1 1 24
86 14 -1 -1 56
36 64 -1 -1 20
67 33 -1 -1 35
50 1 0 1 49
50 98 -1 -1 74
49 1 1 1 25
97 51 -1 -1 24
98 52 -1 0 50
53 97 -1 1 28
5 49 1 -1 22
6 49 1 1 72
78 79 1 0 43
96 47 -1 1 32
64 79 0 -1 15
3 55 -1 1 24
100 61 -1 1 105
5 34 1 0 29
62 100 -1 1 31
11 49 1 1 20
3 59 1 -1 28
10 48 0 -1 38
94 56 -1 0 50
57 94 0 -1 51
43 6 -1 1 29
14 35 1 0 51
96 41 -1 0 37
46 90 -1 0 36
43 7 -1 0 50
99 37 -1 1 81
44 9 0 1 47
97 38 -1 0 35
100 35 0 -1 35
62 3 -1 0 65
6 41 0 1 41
6 82 1 0 12
8 43 0 -1 51
64 2 1 0 38
60 94 0 -1 34
84 50 1 1 33
11 45 0 -1 56
13 53 1 -1 20
91 43 0 1 48
63 3 -1 0 66
7 60 1 0 53
53 14 0 1 19
53 33 -1 -1 43
0 33 0 -1 33
52 16 -1 1 68
1 33 -1 -1 17
33 99 -1 0 34
98 34 0 -1 36
6 37 1 0 57
85 46 0 -1 61
32 1 -1 0 33
51 82 1 1 42
93 76 0 1 31
97 34 0 -1 37
89 42 0 -1 53
32 98 1 -1 33
56 86 -1 -1 21
93 37 0 -1 44
66 5 1 0 39
15 43 0 -1 58
52 21 -1 0 29
23 21 0 1 56
3 70 1 -1 44
47 26 -1 0 73
92 65 -1 -1 64
28 1 0 1 27
84 43 -1 -1 97
13 54 1 0 41
5 31 1 0 64
84 42 -1 -1 13
56 18 -1 0 38
94 69 0 -1 75
69 94 1 -1 22
91 72 0 1 19
9 66 0 1 25
86 61 -1 -1 80
6 19 1 0 13
61 85 -1 -1 123
64 12 0 1 24
72 96 1 1 16
90 66 1 1 22
87 63 -1 0 50
76 48 0 1 28
54 22 -1 1 16
40 84 0 -1 144
84 61 0 -1 40
84 21 -1 0 5
66 11 1 1 34
100 45 0 -1 45
88 35 0 -1 47
47 75 0 -1 28
71 93 1 1 18
14 36 -1 -1 25
25 47 0 1 28
74 4 1 -1 15
75 4 0 1 21
23 98 -1 0 25
22 57 0 1 65
70 10 1 0 40
67 13 -1 0 27
40 13 0 1 147
92 28 0 -1 20
26 94 -1 1 16
64 84 -1 -1 24
96 24 -1 -1 60
31 89 -1 -1 10
43 76 1 0 81
3 78 0 1 17
3 95 -1 1 4
31 12 -1 0 19
73 8 1 0 35
61 80 1 1 38
99 82 -1 0 17
59 78 0 -1 19
30 51 0 1 19
81 0 0 1 19
72 54 -1 -1 13
99 19 -1 0 18
54 28 1 -1 37
89 71 0 -1 82
23 5 0 1 72
4 22 1 0 18
81 99 -1 1 41
75 57 -1 -1 16
29 11 -1 -1 20
7 24 0 -1 31
100 83 0 -1 27
100 56 -1 1 22
39 22 0 1 39
19 2 -1 1 27
8 29 1 0 21
32 15 -1 0 47
69 86 1 0 17
14 70 1 0 16
19 96 0 -1 15
37 78 -1 0 15
26 11 0 1 15
82 97 0 -1 15
14 71 0 1 43
33 47 0 -1 14
96 18 -1 1 39
51 65 0 -1 16
84 98 1 1 9
29 43 0 -1 14
37 50 0 1 13
5 82 1 0 13
30 17 0 1 13
11 76 1 0 165
18 5 0 1 13
35 22 1 1 20
55 42 -1 0 13
12 25 0 -1 13
28 41 0 -1 69
92 80 1 1 14
60 28 1 1 6
67 45 -1 0 22
80 68 0 1 52
29 82 0 -1 53
78 89 1 0 11
69 80 0 -1 49
2 13 0 -1 15
55 66 0 -1 11
30 81 -1 0 49
99 88 -1 0 187
32 79 -1 0 53
28 83 0 -1 11
54 36 1 1 5
51 39 0 1 12
13 23 0 -1 10
61 49 -1 0 12
85 95 1 1 60
6 84 1 0 10
4 86 1 0 10
58 32 1 0 10
37 73 0 -1 10
56 65 1 0 9
19 72 1 0 9
58 67 1 0 75
94 85 0 1 21
21 30 1 0 9
62 29 0 1 9
13 4 -1 -1 55
42 51 1 0 7
78 13 0 1 9
77 69 -1 -1 23
53 61 1 -1 54
27 19 0 1 54
86 6 1 0 20
36 72 1 0 36
86 22 0 -1 36
67 25 1 0 8
96 12 -1 -1 4
83 9 1 0 26
58 51 0 1 7
85 92 1 0 23
67 27 1 0 6
99 93 -1 0 6
32 74 1 -1 21
21 73 1 -1 26
47 41 0 1 112
4 90 0 1 14
17 11 -1 0 28
6 0 -1 0 6
22 28 -1 -1 25
41 64 0 -1 23
63 33 0 1 4
18 86 -1 -1 52
78 74 0 1 4
54 58 -1 -1 6
84 80 1 -1 98
62 42 0 -1 4
81 23 0 -1 42
42 61 -1 0 3
97 100 1 0 3
20 83 -1 0 3
2 95 0 1 7
87 90 1 0 3
80 17 1 0 3
9 93 0 -1 2
77 75 0 1 2
75 77 -1 -1 26
97 99 1 1 2
68 34 1 1 49
13 89 -1 0 24
61 59 -1 0 2
99 3 1 -1 52
56 57 0 -1 13
34 33 -1 0 1
8 91 1 0 1
0 0 1 1 400
1 99 1 -1 400
185
88 88 1 -1 46
6 94 -1 -1 6
73 27 1 1 59
1 49 1 1 75
52 1 -1 1 59
7 60 0 1 47
49 2 0 1 49
1 55 -1 1 23
6 51 0 -1 9
6 42 1 1 26
99 44 -1 0 155
1 56 1 0 155
54 4 1 -1 75
52 6 1 0 42
99 42 0 1 59
0 59 1 0 41
98 57 -1 1 41
57 98 0 -1 55
59 0 -1 0 59
4 45 0 1 51
56 3 1 -1 94
50 91 -1 0 59
90 50 0 -1 60
46 6 -1 -1 26
10 49 0 -1 59
6 55 -1 -1 122
84 67 0 1 49
1 61 -1 -1 81
51 11 -1 -1 31
97 59 0 1 44
50 87 -1 0 63
60 97 1 0 43
57 7 0 1 50
50 85 -1 0 35
98 63 -1 0 61
40 95 -1 0 45
7 58 0 1 49
15 49 1 0 136
86 52 1 1 131
6 61 -1 -1 104
98 43 0 -1 45
86 53 -1 0 39
1 34 1 0 33
39 6 1 0 55
89 57 0 1 54
99 33 0 1 68
10 60 0 -1 70
69 99 1 1 16
64 94 1 1 21
38 92 0 -1 54
17 54 1 0 37
14 57 1 0 12
26 57 0 -1 31
45 84 0 -1 139
70 99 0 -1 29
35 94 -1 -1 35
0 59 1 0 41
50 21 -1 0 29
70 1 0 1 29
7 35 1 -1 64
63 9 1 -1 73
62 89 0 -1 51
71 2 1 -1 42
87 40 -1 0 27
81 54 -1 0 135
15 58 1 1 33
48 91 -1 0 57
42 15 1 -1 26
68 11 1 0 21
9 36 0 -1 45
30 97 0 -1 27
3 70 -1 1 84
81 46 0 1 73
52 21 -1 0 31
51 77 -1 -1 64
81 45 0 1 74
36 90 -1 -1 13
51 24 -1 0 27
38 13 -1 -1 36
2 23 1 0 21
85 60 -1 1 183
98 43 0 -1 45
63 88 1 -1 19
82 69 -1 0 13
44 19 -1 0 63
74 98 -1 -1 36
50 26 -1 0 24
66 10 -1 1 28
100 24 0 -1 24
75 99 1 -1 62
3 27 0 -1 30
24 47 0 -1 71
0 77 0 -1 11
0 66 1 1 17
7 30 0 -1 37
41 18 -1 0 59
71 7 -1 0 78
28 6 -1 1 161
33 89 1 -1 28
72 51 -1 0 23
76 55 -1 0 31
34 14 1 1 26
30 50 -1 -1 40
18 62 0 1 20
63 83 1 1 27
60 20 1 1 110
6 25 0 -1 19
99 20 0 1 81
74 7 -1 0 81
44 75 0 -1 31
2 21 1 -1 102
96 81 0 1 23
33 14 0 1 19
75 43 1 -1 34
32 14 -1 -1 23
88 70 -1 0 58
11 71 1 -1 30
36 81 1 0 83
26 9 -1 -1 88
62 79 0 -1 41
77 60 0 -1 83
46 71 -1 0 17
66 50 1 1 42
74 42 0 -1 16
24 92 0 -1 16
55 71 0 -1 126
11 73 0 1 16
22 63 0 -1 85
73 58 0 1 69
79 36 0 -1 57
14 71 -1 1 45
31 84 0 -1 15
35 79 -1 1 28
75 61 0 -1 86
78 36 -1 -1 57
43 30 -1 0 13
67 20 0 1 13
87 74 -1 0 13
29 17 -1 -1 73
3 85 1 1 6
19 69 0 -1 50
78 66 0 1 12
70 59 -1 0 11
12 99 -1 0 13
98 87 0 1 15
49 62 0 -1 13
28 17 1 0 89
72 39 0 -1 67
33 57 1 1 5
37 53 1 0 16
94 85 0 -1 91
83 8 1 0 25
11 98 -1 0 13
97 11 1 -1 7
23 31 0 1 92
80 13 0 1 7
89 18 0 -1 29
66 41 -1 0 7
13 94 0 -1 7
0 94 -1 1 53
48 42 0 1 10
8 14 1 -1 53
72 66 1 1 31
25 69 0 1 6
95 10 -1 0 5
91 96 -1 0 95
43 47 1 0 110
14 82 1 -1 84
37 67 1 1 48
56 48 0 -1 4
85 18 -1 0 3
69 66 0 1 3
37 34 -1 0 71
97 0 -1 0 97
8 89 1 0 3
46 43 0 1 3
69 33 1 1 49
41 61 1 1 49
53 45 -1 1 4
12 86 -1 1 13
42 41 -1 0 1
16 15 -1 0 31
40 61 1 0 21
0 0 1 1 400
1 99 1 -1 400
125
0 1 0 1 99
100 97 -1 0 103
2 2 1 -1 150
95 100 -1 0 95
5 3 1 1 146
89 99 0 -1 110
1 17 -1 -1 159
19 0 0 1 119
90 91 0 -1 101
5 15 -1 -1 160
1 20 0 1 81
86 93 -1 0 93
98 80 -1 1 159
91 86 0 -1 95
4 19 0 1 85
88 89 -1 0 99
22 2 1 -1 140
8 17 0 1 91
16 10 1 0 94
97 77 1 -1 140
98 75 -1 0 123
7 21 1 -1 157
27 2 1 0 75
6 23 1 0 117
22 7 1 0 85
9 21 -1 1 144
30 0 1 0 70
97 72 -1 0 125
74 95 -1 0 79
6 26 1 -1 160
85 82 -1 0 103
30 3 0 1 127
100 67 0 -1 67
88 77 -1 0 111
97 68 -1 0 129
28 8 1 -1 140
29 8 1 0 79
25 13 0 1 112
84 78 -1 0 106
98 64 1 1 169
34 4 0 1 130
27 12 1 0 85
24 15 0 1 109
16 24 1 -1 154
73 86 -1 0 87
76 81 -1 0 95
78 79 0 -1 101
20 24 1 0 104
6 39 1 0 133
99 56 0 -1 57
76 79 0 -1 103
23 22 0 1 101
16 29 0 1 87
3 43 0 1 60
7 40 1 0 133
69 84 -1 0 85
44 3 0 1 141
77 76 0 -1 99
97 56 -1 0 141
59 94 0 -1 135
40 9 1 0 69
61 90 0 -1 129
87 64 -1 0 123
94 57 -1 0 137
6 44 1 0 138
2 48 1 1 125
83 66 -1 0 117
57 92 0 -1 135
96 52 -1 0 144
48 99 -1 0 49
83 63 -1 1 160
9 46 1 0 137
60 85 0 -1 125
65 79 1 1 178
95 48 -1 0 147
56 1 1 0 45
53 5 -1 -1 179
53 6 0 1 147
28 31 1 0 103
73 67 -1 1 153
31 30 0 1 101
33 28 0 1 105
7 54 0 1 53
10 51 1 0 141
54 83 0 -1 129
88 49 -1 0 139
5 58 1 0 153
11 53 1 -1 171
62 71 -1 0 91
26 41 1 0 115
64 69 0 -1 105
98 33 -1 0 165
37 94 0 -1 157
10 59 1 0 149
93 38 0 -1 45
51 20 1 0 69
49 22 0 1 127
9 62 1 0 153
2 70 1 0 168
58 17 0 1 141
14 61 0 1 53
38 37 0 1 101
70 5 0 1 165
71 4 0 1 167
29 47 -1 -1 188
43 34 0 1 109
63 15 -1 1 174
96 25 -1 0 171
63 18 1 0 55
39 80 0 -1 141
26 91 0 -1 165
22 61 1 0 139
21 63 -1 -1 192
72 43 -1 0 129
28 87 0 -1 159
86 28 -1 1 179
51 38 0 1 113
42 67 0 -1 125
82 27 -1 0 155
81 28 -1 0 153
80 14 -1 1 183
67 30 0 1 137
48 53 0 -1 105
56 45 0 -1 89
0 100 1 -1 400
125
0 1 0 1 99
100 97 -1 0 103
2 2 1 -1 150
95 100 -1 0 95
5 3 1 1 146
89 99 0 -1 110
1 17 -1 -1 159
19 0 0 1 119
90 91 0 -1 101
5 15 -1 -1 160
1 20 0 1 81
86 93 -1 0 93
98 80 -1 1 159
91 86 0 -1 95
4 19 0 1 85
88 89 -1 0 99
22 2 1 -1 140
8 17 0 1 91
16 10 1 0 94
97 77 1 -1 140
98 75 -1 0 123
7 21 1 -1 157
27 2 1 0 75
6 23 1 0 117
22 7 1 0 85
9 21 -1 1 144
30 0 1 0 70
97 72 -1 0 125
74 95 -1 0 79
6 26 1 -1 160
85 82 -1 0 103
30 3 0 1 127
100 67 0 -1 67
88 77 -1 0 111
97 68 -1 0 129
28 8 1 -1 140
29 8 1 0 79
25 13 0 1 112
84 78 -1 0 106
98 64 1 1 169
34 4 0 1 130
27 12 1 0 85
24 15 0 1 109
16 24 1 -1 154
73 86 -1 0 87
76 81 -1 0 95
78 79 0 -1 101
20 24 1 0 104
6 39 1 0 133
99 56 0 -1 57
76 79 0 -1 103
23 22 0 1 101
16 29 0 1 87
3 43 0 1 60
7 40 1 0 133
69 84 -1 0 85
44 3 0 1 141
77 76 0 -1 99
97 56 -1 0 141
59 94 0 -1 135
40 9 1 0 69
61 90 0 -1 129
87 64 -1 0 123
94 57 -1 0 137
6 44 1 0 138
2 48 1 1 125
83 66 -1 0 117
57 92 0 -1 135
96 52 -1 0 144
48 99 -1 0 49
83 63 -1 1 160
9 46 1 0 137
60 85 0 -1 125
65 79 1 1 178
95 48 -1 0 147
56 1 1 0 45
53 5 -1 -1 179
53 6 0 1 147
28 31 1 0 103
73 67 -1 1 153
31 30 0 1 101
33 28 0 1 105
7 54 0 1 53
10 51 1 0 141
54 83 0 -1 129
88 49 -1 0 139
5 58 1 0 153
11 53 1 -1 171
62 71 -1 0 91
26 41 1 0 115
64 69 0 -1 105
98 33 -1 0 165
37 94 0 -1 157
10 59 1 0 149
93 38 0 -1 45
51 20 1 0 69
49 22 0 1 127
9 62 1 0 153
2 70 1 0 168
58 17 0 1 141
14 61 0 1 53
38 37 0 1 101
70 5 0 1 165
71 4 0 1 167
29 47 -1 -1 188
43 34 0 1 109
63 15 -1 1 174
96 25 -1 0 171
63 18 1 0 55
39 80 0 -1 141
26 91 0 -1 165
22 61 1 0 139
21 63 -1 -1 192
72 43 -1 0 129
28 87 0 -1 159
86 28 -1 1 179
51 38 0 1 113
42 67 0 -1 125
82 27 -1 0 155
81 28 -1 0 153
80 14 -1 1 183
67 30 0 1 137
48 53 0 -1 105
56 45 0 -1 89
0 100 1 -1 400
