20 500 100
4 7 78 16
14 16 87 93
10 2 63 28
11 20 64 27
1 7 73 37
12 9 68 30
3 11 63 24
8 16 30 3
3 19 70 68
14 17 12 43
10 14 22 20
5 18 99 25
16 11 14 27
12 1 57 74
3 11 97 82
6 6 85 28
17 6 47 30
14 18 25 96
3 6 15 68
15 5 44 51
8 9 77 79
9 5 4 52
15 20 33 61
17 9 40 13
7 7 95 40
16 11 35 79
8 2 98 3
18 13 53 57
2 1 87 42
6 10 45 20
1 10 32 18
18 12 82 76
10 8 68 57
18 14 87 66
7 4 20 25
9 12 33 30
4 20 71 69
9 16 41 50
17 4 19 46
7 12 22 56
20 9 65 29
2 11 94 1
15 5 25 15
8 17 44 92
8 6 60 37
13 12 38 29
16 8 75 22
19 16 30 38
16 14 19 29
4 12 29 30
17 5 44 64
14 19 7 41
5 19 29 89
10 18 18 97
5 4 71 84
11 20 73 26
5 11 6 40
15 7 70 83
3 5 98 8
16 5 49 12
3 9 100 44
7 9 41 23
12 11 6 2
2 11 79 6
1 17 45 27
3 6 9 17
3 19 25 38
3 5 1 37
13 20 80 51
9 12 74 32
2 11 34 95
1 4 100 82
20 17 60 74
14 9 91 96
7 7 85 41
11 5 77 43
17 8 46 57
20 19 88 13
9 13 60 10
17 11 43 88
7 2 14 73
2 16 20 100
2 5 40 12
1 8 6 29
8 11 85 59
1 5 23 70
17 2 31 85
13 13 73 51
6 6 23 100
1 3 99 14
19 11 25 91
10 2 20 37
13 16 95 5
20 10 74 77
11 16 61 43
20 5 94 6
2 8 5 14
2 15 27 60
5 3 3 7
5 2 43 69
9 10 73 9
19 19 37 9
14 9 4 34
14 9 91 55
8 7 69 30
1 7 89 98
10 11 4 34
4 18 54 93
7 6 53 97
16 9 58 30
17 1 15 22
1 5 29 28
11 9 57 3
15 18 100 44
20 3 29 4
1 2 48 39
20 12 36 35
20 13 16 28
5 10 50 65
6 10 44 36
18 1 39 72
10 10 68 89
13 16 44 45
10 11 83 41
2 10 27 33
2 3 61 18
4 2 82 10
11 6 97 68
18 15 91 27
5 18 15 69
6 19 13 87
1 7 27 95
17 13 79 30
7 11 48 71
12 1 32 94
18 8 13 87
15 16 13 91
13 20 11 70
10 15 56 42
1 14 88 89
19 7 71 85
17 18 7 61
10 18 6 60
18 19 46 84
14 19 74 38
10 4 8 79
18 15 72 30
1 20 19 39
6 9 75 34
18 2 94 59
11 20 18 40
10 4 23 95
14 8 32 63
3 11 93 92
18 16 22 58
15 12 48 52
12 2 38 41
15 11 99 26
2 17 17 3
12 20 97 5
19 1 19 22
11 3 13 80
18 6 37 5
17 4 8 60
18 5 100 12
8 11 37 61
19 6 64 50
5 12 6 35
12 16 56 15
10 9 94 19
6 3 23 83
18 11 94 75
7 14 87 54
4 15 15 14
20 18 63 76
9 20 11 33
15 18 47 36
18 12 54 44
14 9 26 92
11 19 18 37
4 16 91 59
11 5 72 62
14 6 90 74
5 12 6 51
9 4 86 7
16 20 50 21
8 7 64 78
17 2 66 61
17 16 71 19
12 3 33 97
20 2 71 85
13 8 35 41
4 13 99 31
4 8 51 31
14 15 60 23
8 5 83 36
13 5 55 44
19 7 41 79
20 3 63 84
2 9 24 25
13 3 55 36
2 18 66 48
12 17 70 19
2 4 54 34
8 20 29 7
18 1 85 9
15 19 92 77
19 16 53 72
10 20 7 11
17 5 10 40
1 19 10 54
2 15 39 90
7 8 48 24
8 12 33 23
2 16 51 80
11 15 51 32
14 18 95 82
2 4 21 34
3 2 88 16
17 6 5 23
13 12 98 33
15 2 7 16
18 9 96 100
3 18 84 77
15 18 10 88
13 3 22 67
4 1 83 12
6 7 86 31
11 4 15 77
17 1 93 26
9 20 26 91
17 1 19 44
18 9 83 22
11 16 89 26
16 11 38 54
9 3 84 51
18 18 28 27
10 12 52 50
11 9 40 99
9 11 94 78
11 17 100 53
12 8 78 100
18 7 53 18
2 16 69 99
5 16 77 6
7 9 55 29
9 14 79 98
16 13 75 46
1 6 98 84
13 8 83 22
14 15 40 35
2 20 86 58
15 2 63 73
2 17 53 51
3 3 100 18
15 14 16 7
12 5 91 64
12 13 38 38
20 9 72 81
8 17 91 42
11 13 66 12
10 18 62 84
12 13 1 7
19 8 65 90
13 15 5 76
20 2 13 39
10 17 71 57
5 1 50 15
6 15 27 87
4 20 70 36
13 2 94 91
10 10 32 74
5 16 49 96
18 14 34 99
10 16 56 94
9 17 61 34
4 7 72 59
18 1 46 82
2 11 24 51
1 15 76 65
3 5 60 20
10 5 70 39
12 17 84 20
14 4 5 57
2 16 67 12
8 13 93 30
3 9 32 3
15 8 19 17
4 18 88 73
14 18 63 26
14 18 97 19
2 14 27 75
1 14 86 49
6 11 30 60
19 1 63 25
20 1 42 3
11 1 27 84
10 1 9 24
19 18 94 32
11 1 6 91
14 12 39 71
2 8 30 72
1 4 96 100
5 9 55 87
10 13 70 11
14 11 34 64
8 20 95 50
20 12 40 65
3 11 87 16
10 16 87 82
12 15 34 88
3 8 74 44
20 3 55 45
5 20 60 64
19 14 13 70
6 5 34 100
15 20 16 36
8 14 70 51
8 3 38 63
10 11 6 61
5 12 58 30
4 17 93 22
3 6 44 80
2 9 79 48
1 6 83 88
20 12 90 87
14 7 49 95
17 7 8 93
18 5 22 21
1 7 95 55
4 18 34 85
18 13 32 18
10 6 57 9
10 6 96 23
12 16 70 60
2 17 53 72
1 6 44 73
12 10 28 67
19 13 51 97
5 14 14 87
20 11 95 69
16 2 43 40
18 4 99 91
20 3 14 32
9 18 5 72
7 4 39 26
16 1 22 73
7 15 59 26
17 13 46 73
7 20 12 84
4 2 26 43
17 20 75 45
17 11 68 95
14 18 20 61
11 13 33 77
20 11 54 36
16 19 8 42
18 11 77 41
5 2 84 1
13 10 97 41
20 4 36 5
14 7 65 24
12 10 52 31
20 5 66 87
3 6 80 92
8 8 85 32
2 20 32 54
9 8 95 20
4 2 24 69
8 20 44 39
9 15 21 81
19 7 19 53
4 19 96 11
6 20 43 67
19 6 73 79
14 7 98 49
8 13 17 87
13 20 78 1
14 18 33 4
16 12 8 99
10 15 62 7
15 4 26 85
9 18 64 34
16 1 82 15
6 18 1 98
9 10 50 14
20 15 17 15
6 16 66 87
11 7 93 17
10 10 53 10
7 16 96 34
9 17 48 14
7 1 63 87
10 4 1 9
18 17 76 83
5 1 21 27
19 6 95 100
15 7 9 54
3 4 87 43
13 15 8 11
15 10 97 16
5 17 25 83
6 12 17 62
4 18 88 62
3 2 61 89
20 1 42 94
5 9 36 9
3 3 71 97
4 7 12 1
16 8 35 33
11 11 94 34
20 1 95 94
14 15 83 45
16 4 39 52
12 14 12 66
9 2 14 84
20 18 36 15
5 10 47 8
13 12 41 12
4 8 58 37
14 20 82 21
15 12 72 19
17 15 84 65
8 18 1 68
15 16 34 91
18 13 50 30
4 11 93 48
10 10 36 23
1 9 44 56
20 7 26 37
14 1 53 21
18 5 88 84
1 2 27 98
6 8 79 29
10 11 28 99
1 4 22 61
4 17 68 24
3 13 12 36
14 4 9 63
9 16 99 61
9 17 10 74
4 8 55 74
18 2 24 30
17 5 43 81
13 10 56 48
15 7 35 60
2 3 74 2
19 12 14 59
20 3 85 56
2 11 81 72
4 4 1 21
1 3 53 13
5 8 60 59
6 15 18 59
17 11 61 27
15 14 38 66
9 2 21 10
4 1 33 87
5 14 59 57
8 11 69 32
10 9 42 47
15 19 6 11
2 6 90 68
11 7 33 39
20 6 1 63
18 13 49 62
18 8 70 98
10 19 29 40
19 11 86 93
1 3 55 34
8 4 1 51
2 6 89 21
11 1 35 48
6 4 62 95
3 11 92 64
1 1 55 39
3 13 31 23
15 6 9 95
1 9 45 3
6 5 23 88
6 18 36 3
13 9 97 87
11 1 50 52
13 17 90 55
9 13 29 83
18 9 77 38
18 1 40 95
6 15 83 83
4 10 37 16
18 5 54 100
5 15 51 37
11 13 43 59
5 4 42 22
12 10 11 61
11 3 56 48
17 10 82 40
19 18 7 76
2 12 75 79
6 18 67 77
10 2 35 34
