-1195 -17851
-13279 -6511
2704 -532
6519 -6396
4936 -1260
-349 -255
326 241
14945 -2414
-5376 2968
-16488 4233
8140 -264
5732 1572
5594 -1958
-158 -382
-1788 -3969
-7849 -6793
766 1139
5136 1519
-8203 70
-446 774
6862 -4253
16769 6855
3746 4740
-4477 -5732
-4987 5073
178 9595
-119 20248
-10359 5691
-539 579
198 -1145
13196 -13715
-7231 4356
-9349 -3246
-1828 9372
-10446 14625
6928 -18250
-5232 -6168
-242 -3047
-5755 1168
17955 -1802
2993 18467
212 3600
3844 5859
5969 -11260
-466 3805
-28 109
-1235 3655
-29 35
5639 11974
-2645 13419
-4060 5370
-2620 5514
6981 -8375
-9803 -17051
6518 -7382
-5800 11022
2242 4958
8993 -201
-3883 7372
-10082 -5832
-14120 841
-122 -3531
16382 -7667
11106 -5868
3352 -15427
10652 11520
-5060 1355
-6629 -16317
-14518 -552
674 -14097
-15071 -6627
12787 3739
-151 -31
-4059 6310
10392 3187
2747 -1017
-5467 -8331
-270 2583
1990 -3426
4720 2113
8875 -2020
-1499 597
1958 -1803
-10715 4362
4420 17801
-1508 -19626
-1638 11007
1458 -5342
-7689 -906
13605 -4219
9226 3721
-3354 -237
7854 2788
-1772 -116
-724 3037
-6281 -3266
-11343 -13209
1325 3612
32 151
-1386 -4513
3093 2040
-11055 -10005
-542 7653
-2467 -14656
9976 4904
-13562 -9180
5139 -17582
14504 4364
-6275 14425
-2014 1666
4002 6933
-9386 4400
4478 -7175
-1392 -1231
-3863 8877
-13 709
2821 6285
-2206 -11518
-15598 5557
-11791 4073
9693 -10706
-6756 -722
-6351 3200
-2579 7396
8464 15021
1735 13961
-11543 2751
-1705 -817
15623 335
11546 -2685
-906 -7157
3804 2527
-1492 5045
-5497 4054
-13705 7603
231 293
3348 -17266
10611 -783
-135 -1023
238 -85
2246 -13886
767 12563
1336 -18
-13695 14506
-9152 12315
5060 7670
-8004 -2829
-2306 152
467 -3536
2866 8469
-8407 -14503
7165 7547
-197 91
-10940 9825
6217 7379
2759 -1631
-1688 2485
-52 24
3383 -1632
11652 2849
-4586 -5114
-1841 -3145
1524 -4596
1778 6785
-7375 13184
-8679 5838
3513 -6365
1153 1546
2452 -3814
-6048 -2399
-240 947
2023 3748
-239 1254
798 -69
14896 -12686
7003 12608
-4633 -133
1098 -6426
-120 385
1745 -8415
3672 -466
7530 6437
5351 -12329
2582 224
-929 -544
-9 -1
7004 14229
-10801 13029
-1137 -927
-207 580
12620 -10329
497 445
-7989 2172
1 10756
-4077 -7825
-4325 2238
-762 -217
2240 11409
-84 25
2810 12680
732 -2179
-7501 11361
-3641 -1330
105 -18942
480 -1819
3726 -5326
-3872 -15255
8407 4766
-12908 -2440
7470 -6951
-558 361
-11127 -4453
-4274 19383
287 576
4668 -8248
-18068 -5536
-593 -698
5306 -19490
540 25
-16871 -2476
-1747 -7549
1709 -18140
-3835 2521
-15 -434
-17629 -3768
5186 -15761
-8898 3061
139 245
10 -24
-5670 -3541
-12304 -1144
1316 -7237
679 -4118
-1624 -327
-9783 10731
1753 2549
-5818 -9639
-18412 8581
618 -8614
-1327 5930
-8060 -17518
-18651 6609
1104 -799
10498 -16247
-14680 8851
-942 99
-3011 1298
1224 -3186
-9169 -282
-564 1271
-350 700
2334 696
-18274 -1965
3526 -7343
-4964 8325
-673 -1880
964 -1820
-8829 1231
878 57
1658 69
628 -7815
6578 -3534
3928 7777
-16293 -4890
-2196 4639
-6735 -3988
1365 448
6591 15928
-1613 -1211
8346 -3008
5860 -4252
15545 9615
-6488 4141
-805 -758
-2142 8203
10047 -14270
-1603 -5817
7244 -11035
-5293 -1596
5382 10520
11527 -1425
-520 2107
3322 -965
2663 886
88 1275
-1150 -221
-478 11783
-3307 -9158
3847 523
-7187 -1776
-776 9979
5973 -2910
1601 2132
4317 13250
10692 -4740
5568 682
5494 9246
6366 -2031
11985 10750
-5256 -592
-7885 -13204
-8805 14185
3413 3204
-7027 -11979
-2864 -18480
7556 1969
-2032 3709
344 -17032
-1993 2718
1478 1284
-7028 1724
11869 7135
-24 -300
4075 -12732
302 -436
-8361 -701
12314 5029
-1 -7
1749 -2855
1964 3075
9745 -6862
-33 309
8566 7670
3253 -71
7275 342
15114 7862
464 -11269
16405 5036
8165 -5355
12262 12320
19805 2616
-12035 -3419
-399 17
-535 -60
-15622 -3198
11777 9116
7182 -1843
4981 -3373
-10288 -8677
-12494 1245
-823 -13850
-15807 543
87 -147
5618 13136
14416 898
-2709 -2172
570 717
-6323 -7147
-3039 8053
-11366 -2261
1718 19755
-8589 7432
74 -195
-2759 3401
-5193 -15488
-6800 18619
-3291 -2081
738 -1342
94 -5
-13397 -12288
50 -68
8476 -17321
-15133 -12440
3136 10657
-4485 -10047
-121 268
-14594 4209
-252 1642
4681 1005
-11 -51
-14589 2129
-242 -151
272 839
1271 9085
17266 -4708
-4879 -2987
-17436 10258
-3965 4284
-7027 2559
-1163 -2163
-1875 -5211
17625 -8910
4761 8868
776 56
-1177 372
-15158 7288
2285 8846
50 21
-10083 -7167
-13541 -1333
-8994 17899
-7596 8145
-2644 3827
-2280 2236
-2805 -2921
-1242 2564
-4153 -4750
-12191 -9085
-6473 -18258
1330 2713
197 -2817
6051 5167
3841 1606
13467 7717
-952 17683
-546 -4480
10393 -2019
-11791 -11539
6870 -12597
-1492 12665
2546 -9622
-4509 -6644
3214 14222
171 2142
8546 935
-4181 3574
6637 11245
-79 58
6794 -521
-9659 9466
-4165 10004
-44 -907
1066 3067
3347 -19156
987 339
-5178 -2245
1480 -388
-427 -1454
-18330 1299
710 -532
185 2795
1908 1807
-11556 -6053
1963 1497
-13015 -8008
1782 4410
99 468
6372 975
11144 13652
9103 11188
4316 3364
616 234
374 -5038
2072 5804
13378 11126
15633 -9273
-1384 60
12761 -7342
-16218 11822
3135 -11792
-1489 1938
7601 1238
10038 -12380
1605 -843
678 -215
-16163 -10130
5028 -240
-6374 6951
17509 -6540
3938 -2881
8564 -13231
7433 -868
-6136 -6088
-8520 -5425
6114 17800
-9786 2034
-14347 12639
1037 -269
-6029 2088
-3937 16436
-8284 -15906
2497 1560
-747 394
4 -588
-750 -1436
-223 -1252
-3522 3334
-4538 -1243
4898 4372
1149 11140
5350 -13888
-8313 -9429
127 113
-460 -190
-4993 6023
-11 -26
7439 -9633
2043 -4805
-4700 -1821
4183 11719
8141 3575
2968 -3340
-3161 -12069
3198 2634
11549 4
-2368 -3773
-2760 8722
-993 687
1763 1259
5051 -5553
-3278 337
3594 3880
-782 2467
-13207 3045
-15738 2934
-9560 -13282
12688 -794
-7161 -10265
2904 5340
-2853 1887
-4731 -685
-8438 -10730
683 -2732
-884 1652
1359 -1926
-1726 13990
-8786 -8130
-40 -1656
-7109 -8508
2753 2951
1381 -1399
-902 6665
8326 -10520
-885 1304
1055 -2157
-10126 -2594
6242 8498
5523 -7455
3306 -4293
-18877 4352
-624 900
2913 9474
5465 3056
14699 13320
-6373 8189
-11557 -7726
1989 -4193
-3066 17944
760 -313
-4394 758
568 14778
9699 12912
-977 -2410
8777 6147
-6991 -14627
-3574 903
1970 447
878 584
2061 -269
-16745 -6623
-1864 -1253
13084 -2413
-1922 301
-1296 8206
1059 142
-2868 2997
13674 9451
-823 263
16957 10800
7314 -6069
-12137 10517
28 16247
8774 -15589
-2147 -2614
17906 2951
-86 167
-7580 -3761
-4682 -18591
2308 -2553
35 62
942 -12582
13819 -9235
-5585 -11147
17 8
4857 -1893
423 1603
-5924 6188
-5421 -5165
-17556 -376
59 3865
-10134 -1265
-6229 -1329
4398 233
-4474 2969
-1575 -1733
-9888 -15194
409 202
3738 -13989
-437 -451
-3169 4922
2134 1042
15445 -4220
13267 348
-3619 -6566
793 238
10486 -3573
2759 4237
-1541 -6522
-1054 -1397
2922 7437
829 -4686
-2813 -53
-10887 7141
-7574 3416
4937 16383
-19472 2660
-2474 71
8687 2951
-2173 -1535
5128 5674
291 326
-1710 -12581
3107 575
8336 13565
-3101 4147
-5143 -7176
-1596 -2466
-5069 12065
-5189 17688
11821 -14924
-12749 -10281
-7474 -5601
-2264 -1021
-6538 -5164
-395 13762
-3493 -2670
-3752 482
-279 -1045
-1887 5515
1023 2028
98 -4327
11868 -4218
-3687 12544
7003 -5051
-1642 19162
3771 -3903
14180 -5879
955 5962
-5689 -14278
18643 6691
5259 14596
-10027 -11540
1861 -16407
11176 1512
5735 -8534
4067 9815
-7346 7212
7994 -1699
223 210
4444 -9515
-2627 -4737
-3235 -3693
7080 3209
-1363 -9886
13418 1364
1855 -668
-4416 -12179
-5391 9497
-1865 1347
-1360 1211
-10237 -3569
-669 -3786
3504 -4718
-32 4
653 944
-3686 13973
9998 14750
-2566 602
4335 -5490
-1482 -8536
7061 5256
-5916 5237
8312 16752
648 -880
962 -2340
-8096 4588
-11251 -39
5259 -2609
-6724 4790
-1623 4118
-4005 -3713
6436 -1231
-3884 1213
-13239 -209
575 3855
-6149 12325
-267 -778
-10966 1515
-4721 4502
-3618 -5410
-11313 8433
-5670 -1006
-7612 -4663
15035 11419
11245 -9038
-16878 1977
12900 14073
-6048 -313
4733 -2450
10131 16648
-10238 3298
501 -5829
-3039 6781
7576 -2469
-2348 3009
-4620 3734
-12059 13910
-1648 -16162
-2170 -2077
-12104 5538
16315 -11160
-2523 -5921
12512 1999
-4978 -16917
-584 5409
4110 -1827
13941 2585
-7506 16997
8572 -6655
-3284 6021
-7074 5906
703 2570
2008 -6294
12396 851
-2267 -6874
6139 -142
-8544 -11938
1542 -20042
-8587 10173
8445 12327
-3571 -4414
765 1674
-3322 -16772
-79 -51
-10 6228
2342 15467
3766 8692
-17642 3264
-6536 -13328
-5022 2177
19 -2330
8431 -11715
6712 10163
-17542 5287
360 -1491
16 48
-978 2188
-563 1571
3486 -10280
-16468 8582
-13886 6016
-3040 10221
-79 3253
-1026 317
449 -313
11089 -7489
1600 1619
0 0
7819 18595
9557 -7926
-4785 -2169
-12807 -4750
32 -10
11530 -11684
-11075 11477
-356 -8110
-5586 -12577
-109 -114
19219 -742
1826 -2233
1644 5192
5606 -928
522 7149
18071 4836
-9515 -10016
-2086 16331
-4870 -4212
-6593 631
6069 -5432
3171 -2344
9452 -2844
16887 1366
15373 1917
159 -6942
2284 8197
-15472 10222
-9886 8181
9036 8960
6785 -2530
14495 -7648
5458 -6426
17415 -319
-8526 -3949
-5359 376
10080 -8832
4443 -11157
4780 6628
10070 9922
9516 -1142
10212 6532
10213 8213
-14106 -3445
6231 4149
-5877 -4301
-7319 -159
-1655 3056
-159 -544
-11672 -14879
-14311 -10700
89 1602
6496 2334
1107 1024
4599 -4598
-7534 15152
19011 -5522
-12893 9008
-9076 -6388
-299 -5157
-1586 7410
6946 1457
11537 15468
6309 6330
-16791 6750
-1458 -3692
462 18499
-2919 -7330
-4445 1642
-892 -11371
-7191 9605
-1023 4469
3844 15466
-5252 7252
-8995 15996
125 10
-14771 -1984
667 2158
882 10186
-3120 2458
7819 -4067
-13106 -13937
-3692 1775
-2846 -13243
-6886 -6119
-6932 -3018
-7706 930
10039 403
11351 4262
17 231
3121 1270
-2477 -8161
632 1904
132 4518
-8588 8856
-2531 1699
-3879 8
7313 -3191
4421 19535
6397 3210
16034 -1116
19968 -2430
-618 -2507
5495 2181
325 -674
-10923 16405
8917 -9362
7264 -14531
-3102 786
3378 -8434
2870 3458
11529 -13268
-9072 -2212
-989 15035
-2139 6453
-3494 -3139
-4004 -3049
-296 -299
-638 8858
-85 -15433
-4272 -13762
12511 -8759
-2225 -327
4073 4055
15865 -6027
-2655 14770
-469 -12531
13423 5960
-243 -529
-629 -1104
4424 5057
9659 1919
1423 -2466
13052 -11953
-16082 -1227
2182 -1054
792 1371
18653 1054
2314 2324
-12306 7266
56 -800
291 113
2783 -5323
-9019 -1167
-11673 -16684
15 -8
-14496 -5048
620 3230
16705 -2886
-2065 -4297
-685 -501
1924 10216
-13726 10795
7633 9147
1237 -3981
2733 -4300
-1078 -2984
9692 -5489
-19159 -3358
-1156 -5370
-4484 -8950
11318 5604
-878 1090
8548 -971
7384 4042
-17 -74
-635 154
1874 -11063
6929 -16427
1631 907
-9628 -4585
1389 -15110
15180 6114
8467 2130
16920 8577
-2931 11464
1483 7886
3773 -72
2323 -12473
945 5004
-3736 -11062
-653 -6130
5970 -9864
-54 -10372
8741 9923
9128 -4068
3547 1043
-9985 692
-19491 -206
7770 10703
11104 -10328
1042 -1148
1008 4292
318 8306
-9701 6913
-2934 -737
3376 16752
1339 1812
1033 -9707
12580 -5739
-5068 13366
-1036 -317
-350 309
2613 -7342
-150 -9276
-18005 -7883
-4785 14968
-892 355
14396 -10821
-2698 -10463
-6134 16036
-8290 -1507
-1037 -117
-4115 -639
-1301 -478
-14314 -8007
123 -177
-1919 891
16121 3430
-53 183
-12533 12319
344 5351
8292 -8023
2463 3494
-2327 1299
-3508 -635
-325 126
-4261 11101
-13206 4573
4190 -127
14302 -652
142 -349
-34 -188
4189 -828
1 22
-2782 -1534
-4120 -2228
1726 17158
4544 -6183
-15996 -8229
489 1229
18434 -3316
