-4804 -16591
7917 11455
2334 -1543
-8794 2194
4691 1676
-63 -71
60 222
3203 -13947
-5644 -761
-3760 -17836
8763 -1836
-424 5534
2376 5699
-22 -590
21 -3494
-8828 -5312
272 887
3385 2541
5636 5732
255 529
-6751 5302
17192 -1447
-4802 -4003
-4362 -6495
1563 -6463
-4154 -8792
-7941 18354
-11178 3127
-962 -16
-712 1759
-7899 16342
13438 -3722
8340 6735
-8177 4745
17140 4548
-17676 8173
-7988 264
-1137 -3111
1355 5017
3617 19579
11952 15515
-895 -2119
6285 -3156
4266 -12565
-1166 -3887
-212 25
2788 -2733
-29 13
-2864 15262
9321 15309
641 -6737
5385 1275
10201 4207
10492 -16833
-7486 7723
-10343 6352
939 4522
-2753 -9254
-2221 8229
-6389 -9960
-13624 -4461
-2939 -1482
16445 10083
12550 722
-7868 -12378
14625 -3675
-681 -4465
-6682 14892
8368 -13266
7920 -14497
15720 -328
10815 -6736
-11 -66
3899 6588
-8672 6104
1216 -809
4472 -8618
-29 2091
-3999 2047
4450 3763
356 9064
-1646 1
-2522 1525
14367 -567
-4992 19329
-2925 -19411
-9869 4757
2376 -5074
2384 8040
9200 9797
-7606 -6758
2397 -122
8623 43
605 -597
3292 1416
7593 -1138
4314 -17232
2950 3005
-3 55
4719 2674
4042 313
12390 8439
7458 -372
11890 -8017
-10762 -1216
-18142 4004
13317 11497
-3219 13692
15579 5153
1521 -603
6670 -4237
-9578 3128
-1100 -8222
-981 -384
-7163 6459
308 150
-6251 -1495
1564 14378
-16523 -3135
-1142 -13394
10622 -9120
-6192 -182
-3544 5917
1642 7770
13047 -11147
-2577 -13280
-5119 -10423
-2352 -63
-12408 -10720
-11361 -3917
4486 -4812
3621 -2641
-3877 -1463
2173 6851
-5742 18120
9 -120
9944 -13734
-3345 10724
-235 -278
478 -377
3946 12613
-173 -12239
349 1097
-13405 -14083
14198 1013
-9265 -1761
4845 -7052
161 -1173
3847 2078
-4811 -13557
-14287 -12632
6865 8566
395 -151
-14294 3702
-6367 10510
-3108 2017
-1157 -1408
13 13
-109 2542
-2004 12673
-3336 -5671
-3321 -1830
3619 -835
785 7065
6935 -12544
8998 5045
2083 -7363
1019 1404
-616 -3046
-5036 5273
439 -1334
2637 -2068
183 -498
55 -384
6208 -17545
9035 -10419
-2950 -3237
-3447 -5052
-86 115
-4370 -7569
1804 -1552
7791 5784
-12533 9421
-1337 -2425
43 913
-1 -9
-7573 -14051
-16000 -6619
-766 -1591
-690 141
-10810 -11002
-190 1191
7396 3202
8972 -5693
-7202 -5498
-3541 1501
-690 964
5311 13192
61 19
11744 3892
-1508 413
-7755 10307
-1731 -4601
8173 18315
1583 1073
5787 -1418
11535 -14108
8968 3345
7100 -10819
-6529 8561
-57 205
1418 -11659
18847 -2403
176 26
-4538 8638
17713 -5112
-99 668
19524 2276
-460 -958
-4407 17884
6607 3864
-5462 16417
-1764 -3402
-233 378
19858 -757
-5480 -14917
2020 9040
2 135
16 0
217 6124
11148 5425
-464 -7216
-1622 -1978
852 353
-12277 -9192
-1400 716
-1231 -11118
15024 -13627
3080 8654
5192 -1730
-14925 12046
-303 19042
1975 -448
-10471 14768
15684 7419
-734 -241
855 3547
3360 652
5683 6807
1522 -186
-240 -82
269 -987
-12509 15659
-2848 12365
4196 -11468
706 -2722
-1582 1031
8624 1078
-122 -213
-1035 -689
2612 -8383
-5875 -4391
328 12833
6239 -14374
3558 4572
-6959 3263
-1989 412
1307 15835
727 1511
7029 4876
5825 4663
-15891 8142
-8440 -518
-360 -383
4648 6990
11277 -11521
931 -5942
483 13984
-951 -5206
11604 -1967
-1641 -12243
877 -2075
2137 3365
-1211 2047
1496 578
273 427
8070 -11633
-1101 -9597
-4462 83
-6859 -3322
-8125 -7656
-1181 6060
-697 -2587
78 -14045
-15956 -4553
-3838 3849
15710 -8319
-6216 2981
15510 8969
4704 695
10819 12683
3091 16150
4202 -622
-12822 2837
15264 11198
7599 1451
-4117 -695
14209 9941
2107 -1935
-1256 148
-5746 -3519
-7867 -10498
62 63
-12241 -4965
416 189
-4203 -10952
-16225 -7894
-7 -1
164 1756
2255 -3306
11612 -5312
92 -15
11278 -199
-3387 -1052
-3106 7174
-15947 1492
4430 13943
15238 -9408
-5829 -7568
-11202 11915
16249 -11171
13016 7000
469 51
-178 132
5550 16114
-10649 -9133
3154 6589
-2269 6177
-6376 -11359
-3166 -11662
-9308 9318
-5247 13556
65 -72
-9310 15828
-13964 10900
1384 -2260
-8 339
4649 8184
-8154 7163
10275 -5076
-11013 16617
10247 -3547
24 76
-310 3017
18230 3362
-19498 -209
3570 -250
-1401 1527
51 -23
-18165 -3134
-142 -100
-13575 14256
5584 18728
-10149 -4358
-1259 10571
278 -11
-14295 2093
1410 -1161
437 5140
-9 9
16879 644
91 509
-850 -1115
-8975 1009
-16007 3400
3520 -5164
2765 -20220
5628 2149
-7969 1187
456 1587
-1954 4437
17877 6260
10185 -7826
155 187
514 225
-1088 -16647
-13916 4741
-73 42
-11895 -2284
-7276 -17063
18531 8055
-16716 -1858
-1745 -2798
48 -4084
4455 -2224
-2331 -801
-6378 -778
14516 -8157
19458 -4918
2739 952
1219 345
-8955 3990
-4347 -2012
4431 15175
-14971 -11136
-3269 531
10375 1116
-15328 -1812
13111 2652
7327 9835
6323 -7327
-8243 8098
-104 -15474
-2900 -472
1429 -8691
2063 3966
15732 1284
32 2
5223 -5072
16352 6261
16832 7137
317 -474
515 -2269
-11217 -14375
-337 -26
-2373 4788
-189 1629
246 706
-17949 -1409
562 -924
-500 2263
1242 49
11814 -3824
1158 998
-12041 14375
3813 3004
970 -108
-3975 -4481
17282 -3356
-9298 -11552
5133 -3028
87 -133
1636 -3408
250 -5822
18514 -6500
-14669 -7801
-390 -2056
-1682 14579
1701 19520
12197 -6325
-1638 2667
-7383 5414
9815 11487
-1416 -601
178 314
-8536 -16335
1190 5952
-6530 7554
-18539 5597
-4684 -2937
9348 -12098
-5202 -4956
-1393 11946
7789 -6124
-2008 17862
-5497 8031
3914 17897
940 -1078
2449 -6140
-1398 16186
13489 15045
-2474 -1725
-352 334
630 -152
-546 -132
506 825
-5435 255
860 -4414
6718 -1253
-7672 8778
12807 5424
-15423 -314
-177 270
-384 -191
-2201 -7470
-37 -33
11642 1804
-1508 4000
1434 3445
-10340 -5863
1060 9655
-3810 -3550
-9390 -10229
1775 -1959
-2301 11445
2799 3921
-11621 -9973
342 -1880
-728 -781
-7085 -1799
-2332 2225
-4361 1332
-461 -1307
1633 12834
12655 9942
-13400 -6289
2917 -12327
-9309 7584
-1654 -5796
394 2352
-647 3431
-18452 -6122
-66 -3000
1970 125
641 1266
-17034 -8573
4182 10835
-1804 -995
5659 9388
-2260 -2986
-2595 633
6263 1120
5336 17326
-243 -538
-770 -543
-6528 9598
3922 9360
-6579 -6577
-1721 -3886
5019 -18962
43 -856
5876 7900
-6823 570
14402 13058
9954 -1966
1417 -13272
-892 3855
-17626 2465
-216 -162
-4364 2998
2656 -17348
15881 -2547
1040 195
-3951 9653
-7021 -15478
2600 1571
2138 1171
-1275 -214
2035 1898
3364 -18575
-1181 532
5971 11152
1354 -1716
-6917 -7376
764 -385
-2207 -1263
-12984 7893
-33 -279
-8227 -18196
-13194 -8662
-4636 -18880
-3684 -14600
-12780 -12366
-1932 1526
1106 -16653
-28 76
10137 5246
18380 97
-2227 3687
-6 -30
-12262 -349
12370 -12824
-11877 1455
1 7
-390 4073
19 -1496
830 -10640
7117 627
14089 8149
2773 -1695
7098 7245
-2787 5281
2894 482
5488 409
2071 -2472
-14232 9380
-58 -132
15025 -12102
-554 586
3521 -4178
-2098 1030
14317 4094
-1763 19251
4846 -5799
722 100
-3726 -9968
-2602 -5201
-5585 -2609
-1292 -1037
-7938 -2515
-3104 3388
152 -2402
-11759 -6290
3402 -7720
14579 -10876
-11327 -16319
1149 -1380
-11107 -4949
1971 622
-5393 -6175
111 38
-12585 -3479
-1754 2014
10493 15516
1876 -3962
6638 -6156
2949 -24
-13600 -11258
2030 17654
-17559 -7187
19876 642
5310 12297
-1846 -1566
3332 7594
-12863 4419
3115 -611
-439 2663
-463 186
3788 -3445
1492 1585
279 4244
7770 -9357
-10048 -7483
-63 -8736
-19630 -2288
-3107 -4327
-7288 13229
6387 -111
-6721 17330
9322 16810
3024 14210
11074 9509
-14585 7046
1278 10887
9078 -4384
-5496 9233
6751 -8502
-1102 7922
97 122
-10245 1743
-5805 1271
3047 -3444
-6057 4901
-2479 9692
18586 -3879
-1550 -314
-13319 930
10449 2805
134 1378
2534 -771
8836 12462
-737 4674
3557 3706
22 -47
-877 643
16341 -5943
-19242 3081
-3593 -71
2918 -6881
8122 2337
-8178 3338
442 -7863
-17157 -5246
-115 -1129
-195 -1719
-5704 6860
7834 -7594
-1421 4489
9806 -6153
1307 -2695
1628 -4642
4646 4871
1783 2376
-7754 11856
-2747 -1151
15885 3823
1053 626
-8790 -6757
-1248 -7385
3479 5698
-309 15079
2883 4962
7027 -5216
-17696 447
-16530 -803
-17121 6648
-12955 12553
4505 -3859
4688 -60
19019 4727
-2375 -10292
-652 -6150
7898 390
9466 591
-532 -3521
4286 -3027
11168 16873
12211 -9699
875 2527
-4059 11961
-16056 10044
-464 6915
5442 -12993
8756 -16998
-5459 2705
5349 -660
-13951 -647
-9395 17206
-10666 360
5772 -2267
8840 -3034
1392 2152
-2603 -6366
13346 -8541
-7317 1425
-3917 4865
-8824 12862
-3240 19330
-14665 590
10808 -15178
859 -5221
718 627
-15133 5155
151 -64
1583 -5640
15179 2601
-3474 8450
-19031 1567
15531 -7305
-4954 1830
1514 2842
4596 -14752
11146 -13040
-17476 -9787
-297 540
-18 -10
-553 1324
-632 -427
-116 16173
7792 15489
13213 -4998
1862 -10114
-958 2528
367 310
-486 -601
5551 -11383
-931 1323
0 0
7446 -19020
4412 16529
856 4093
12980 -812
8 -1
5329 -16022
-4356 15099
7488 -3405
-11458 13366
-54 -1
-6006 -18036
-1652 663
-4581 -1248
-4779 834
3728 -6342
9323 -15440
-746 13275
-1689 -14897
-6563 2175
-4242 -5511
-51 8049
3878 -1536
5694 -8402
16090 -4521
-15036 -3677
-7242 -625
-11016 -6913
12104 -15650
9125 -8575
12016 12496
-6405 -2364
-11062 9957
-6934 4398
313 17351
7899 -4533
-5300 -1663
-15867 6426
9832 6488
4865 11766
-11975 6111
9371 1969
-5089 10608
-8803 -8829
-11760 -7774
7720 -2094
6617 -2246
-1491 -6717
-105 3579
-17 -191
-1255 -18803
-9595 -13232
-540 319
6768 2148
840 1896
5541 -4236
13807 -12464
13207 -14273
-6069 -13099
10353 -10420
-1672 5211
-1571 7111
6469 3082
6824 17183
-3122 -8242
-16939 5014
1223 -3169
12699 13678
-3280 -7172
1222 -3787
4488 -10116
8580 8095
-52 -4993
-2248 -17620
-7872 -4172
16950 2288
-27 41
-13564 5830
-776 377
-16351 209
4052 1139
8435 -936
-16585 -11135
-3659 -2590
7918 12992
13042 4095
-3629 -6365
4647 5975
3174 -9357
2698 11565
86 -234
-3123 1076
-6056 5819
-1003 294
-2998 4334
-11450 4669
1564 197
-1395 3360
-6685 -4390
-19069 -4699
1160 -7449
-12578 10833
789 -20396
-1233 -1836
5123 4152
1154 -459
17131 -7588
-4866 -11854
-9407 11261
-362 -1578
-897 9082
956 2984
11080 14160
6632 5965
13752 -9655
-5931 3818
1710 -2991
-2985 2713
-120 -9
-4281 7602
14326 -1981
11559 7001
-8813 -14767
361 2958
-3636 3194
11538 11183
-10182 13130
18215 1557
-11063 7894
187 106
-1902 -441
-5471 4520
9691 -479
-2031 -2302
16876 8420
-11216 -12642
3114 -1258
809 936
7378 -15986
-3873 751
6550 12741
243 -335
214 -174
5588 3403
10334 10391
-17996 9985
16 -16
1416 -14895
2280 2570
14826 -5930
-1909 3137
-130 -403
-25 10121
3202 -15848
-184 11732
1478 4070
2648 -4135
2949 2175
-10483 -2798
-19106 7153
-4871 -624
4668 -13643
-3990 -13030
-216 -753
5739 -6315
966 8337
-4 27
-343 837
-7065 -8605
-8540 14470
859 -1536
-5369 -9007
-12448 -15378
-14965 -5385
-2092 -8617
-15780 -12631
-13074 -7773
5941 -5334
-253 -2474
7652 -17546
4633 -1261
-12985 -1654
-4797 4018
5913 -9643
-121 -10714
63 -19092
-9089 -3469
-1474 -1351
479 -9675
-15768 -9469
12976 -2760
-148 -17767
-510 -297
-2331 2881
-7762 2195
7536 14039
-2809 -2440
-9937 -17144
622 354
-9523 -300
10257 8094
-13839 -2672
-484 28
303 -706
-4604 6459
7955 4170
1448 -18588
13347 -7176
-641 -52
-13856 -9807
2697 10212
-3070 -16285
-8083 -1331
-134 445
3243 -1987
-1126 940
-9945 -15521
43 -160
1936 -1068
14407 6348
-71 -27
-3368 16646
-3578 2712
3173 -10877
-2975 181
2453 404
393 1975
-128 52
9277 -7068
-6261 -16590
-865 3054
-6191 11922
454 531
-318 133
-2335 -3881
23 40
576 -3455
2194 4671
6055 14479
-6137 -5110
9320 13792
872 -695
16832 -9409
