100
6 2 0 2 0 2 0
3 1 0 2 0 0 0
6 2 0 1 1 2 0
4 0 0 2 0 0 2
999 250 0 500 0 249 0
463 138 0 220 0 105 0
3 1 0 1 0 1 0
219 17 23 71 17 23 68
499 147 45 59 144 47 57
7 0 1 2 1 2 1
4 2 0 1 0 1 0
4 1 0 1 0 2 0
999 0 0 500 0 0 499
7 2 1 0 1 2 1
6 0 1 2 0 2 1
999 332 1 332 1 332 1
5 0 1 2 0 2 0
663 7 249 77 4 251 75
409 165 0 116 0 128 0
1000 500 0 0 0 500 0
429 44 125 47 42 127 44
608 39 92 173 39 92 173
12 3 1 3 1 3 1
1000 250 0 250 249 2 249
451 14 57 157 12 57 154
7 2 0 3 0 2 0
7 2 2 0 1 2 0
502 6 234 13 3 236 10
15 3 2 3 2 3 2
824 59 346 8 57 349 5
7 2 0 2 1 2 0
3 3 0 0 0 0 0
3 1 0 0 2 0 0
296 73 70 7 70 72 4
1000 333 0 334 0 333 0
684 20 319 5 18 320 2
999 250 249 1 249 250 0
612 83 157 68 80 159 65
5 0 1 2 0 1 1
4 2 0 0 0 2 0
5 3 0 0 0 2 0
8 1 1 2 1 2 1
997 249 248 3 248 249 0
428 54 58 103 54 59 100
212 77 23 7 76 25 4
248 5 100 20 3 102 18
5 1 2 0 0 2 0
5 1 1 1 0 2 0
1000 1 0 500 0 499 0
653 106 13 208 105 15 206
996 250 0 250 248 0 248
999 500 0 0 0 499 0
10 2 1 3 0 4 0
13 3 1 3 2 3 1
5 3 0 0 2 0 0
7 0 1 2 0 3 1
548 32 12 232 31 12 229
114 23 21 12 22 24 12
953 115 251 112 112 253 110
999 499 0 250 0 250 0
788 23 0 306 0 459 0
4 1 0 2 0 1 0
999 333 0 333 0 333 0
7 1 1 2 0 2 1
779 25 80 286 23 81 284
999 499 0 1 0 499 0
46 29 0 2 0 15 0
998 167 166 167 166 166 166
6 0 1 3 0 2 0
324 22 126 14 19 129 14
998 250 249 0 249 250 0
506 47 58 147 46 61 147
6 0 0 3 0 3 0
694 227 2 119 226 3 117
7 2 1 2 1 0 1
7 2 0 3 1 1 0
4 2 0 0 1 0 1
5 1 0 1 0 3 0
598 20 235 46 17 235 45
900 47 218 186 47 219 183
1000 499 0 0 0 501 0
503 362 0 88 0 53 0
497 221 16 12 219 19 10
1000 0 0 500 0 0 500
6 2 0 3 0 1 0
388 56 0 159 0 173 0
8 2 1 1 1 2 1
4 0 0 3 0 0 1
9 3 1 2 0 2 1
4 0 0 3 0 1 0
3 0 0 2 0 0 1
4 2 0 1 1 0 0
14 3 2 3 2 3 1
8 2 1 2 1 1 1
8 2 1 2 1 2 0
999 167 166 167 166 167 166
16 3 3 3 2 3 2
644 221 42 60 219 44 58
999 0 0 499 0 0 500
1000 500 0 250 0 250 0
