100
2 1
500 300
900
660
2 1
500 300
1500
809
2 2
50 100
450 449
1100 1101
2 1
500 300
300
500
1 8
10
11 13 17 11 16 14 12 18
1 6
6
14794 16500 15740 14901 15000 15158
1 2
5
8500 5850
2 8
3 3
33 3 3 3 3 3 3 33
3 27 27 3 3 3 3 3
1 3
10
11732 12648 11835
2 6
10 9
40 37 60 90 50 9
9 99 39 47 54 33
1 8
10
5 3 2 7 8 1 4 6
2 4
7 6
7 63 7 7
6 6 6 66
2 5
7 6
18176 16698 15304 15120 16800
12963 14400 14908 14214 15840
2 3
6 7
1923 1200 547
2184 647 1400
1 2
277544
960370 546792
2 8
9 9
11811 10741 12641 11682 11619 12315 12870 10611
10530 11682 12969 12558 11901 12411 11670 10898
1 8
7
2279 14490 12114 4410 11985 10233 13300 8258
2 8
8 6
12960 9237 3464 17954 16632 14057 10400 14960
11880 9180 13062 15087 10385 7800 7004 2583
2 8
1 1
2090 2090 1900 2050 2025 1730 1900 2067
2082 1710 1900 1710 2025 2059 1887 1900
2 8
2 7
3400 1980 180 4648 2244 2604 2212 3726
8090 13612 17318 8547 8371 770 11900 5670
2 5
10 3
66 110 20 10 60
20 18 27 3 6
2 5
2 10
3622 440 3815 4000 4800
18409 19181 1800 19309 24000
2 1
7 1
10010
1170
1 5
10
9547 8166 9000 8100 9229
2 4
501331 19096
309581 731213 856945 853978
962011 612162 367611 988101
1 5
5
7200 8176 7457 8000 7337
2 8
462042 116403
994019 909375 945729 601555 616212 791914 583414 552688
278892 767414 995161 694040 353850 607053 909701 717673
2 1
6 9
13057
20520
1 7
2
2232 2400 2544 2483 2443 2640 2503
1 5
1
800 852 880 794 826
2 1
1 7
8
57
2 7
7 9
7 7 7 7 63 77 7
9 9 9 9 9 99 81
1 1
2
4876
1 2
9
870 1620
1 3
1000000
900001 899999 900000
2 8
4 3
44 36 12 17 28 29 27 35
9 26 21 19 12 33 27 23
2 4
19058 19424
828511 630533 888951 734945
777664 625665 820083 847470
1 4
638007
777236 981041 616800 601696
2 8
3 8
863 1964 1500 1080 2249 649 2299 290
5014 6112 810 1730 5988 2255 4000 3520
1 7
2
860 1260 194 600 1161 440 940
2 8
689356 116177
563963 821292 990355 604230 292308 954311 979514 386069
990455 967846 925916 994880 670496 952670 638076 105586
2 8
6 5
3600 600 1742 3879 1104 4988 2160 3082
3310 902 3650 1580 2200 3000 2599 500
1 5
235412
890597 675724 999864 877680 821398
2 8
9 6
19383 21780 18492 19773 19958 21879 19791 21384
13194 13967 12496 11880 14188 11934 12042 13182
1 2
623623
804910 608632
1 6
10
5316 4500 4990 5010 5203 5000
2 5
8 10
16577 17616 18381 19448 18980
20221 23923 22020 19890 20811
2 3
2 3
2 22 6
3 9 27
2 2
4 2
16 28
8 14
1 1
7
7
1 2
1
4 8
2 8
9 9
15247 16200 14580 17820 15028 16606 15859 16200
14580 16200 17027 15606 17820 16200 17161 15769
2 3
308882 287011
980685 811324 975570
501800 976099 785536
2 1
10 6
1000
600
2 6
5 4
8855 7932 7980 8015 7570 8165
6757 6536 6412 6060 6384 5796
2 6
63926 147554
689819 992976 958766 721530 871532 987404
897385 859927 999075 803798 872725 825927
2 8
10 2
90 21 40 9 32 31 10 80
16 2 2 4 22 6 6 8
2 2
3 7
6210 7450
15972 17710
2 2
519802 283692
951988 984187
963560 766377
2 2
8 8
723 1600
798 1600
2 8
1 1
1000000 999999 999998 999997 999996 999995 999994 999993
999992 999991 999990 999989 999988 999987 999986 999985
1 7
4
2800 2605 2904 2666 2520 2544 2520
2 8
1 1
1 1 9 11 1 1 1 1
1 1 9 11 1 1 1 1
2 4
301593 693638
924360 987313 876383 902745
988432 952144 589665 658887
1 6
258125
898147 739922 379784 987092 903513 652494
2 8
340762 710457
892564 398360 688633 162157 908978 926746 756796 872380
819610 898496 913143 935949 988654 895354 961344 948364
2 4
4 7
7825 8055 8000 7200
14000 12973 15058 15400
1 7
3
892 3240 5964 5700 7500 4107 3068
1 3
4
3479 3041 3136
1 4
9
6783 6159 7029 6142
1 2
10
30 110
2 8
10 5
10 110 10 9 9 11 11 11
5 5 5 5 5 45 5 5
1 1
2
4757
1 2
9
927 1620
2 8
4 3
4400 440 7706 3965 9600 9403 4080 1680
3106 1296 7200 2700 270 6452 3159 6229
2 5
9 10
4200 909 1800 2430 3575
2000 3786 1036 3300 4730
1 8
8
3490 4970 1531 2160 869 5760 4000 5342
2 2
5 9
45 40
99 72
1 1
295318
532483
1 3
4
4388 4471 4634
2 4
8 8
5846 5568 5675 6160
5608 5568 5040 5251
2 8
6 7
15037 15000 15777 15000 16261 16500 14796 15951
18550 16708 18286 16286 16391 17500 15750 17500
2 7
8 5
15928 13985 15840 14190 15338 15083 14440
9683 8100 8145 9064 9437 8958 9025
1 2
1
911 1001
1 5
9
859 2700 4601 3374 1980
2 2
5 2
40 9
16 4
1 3
1
706 2380 2530
2 8
3 8
6318 6315 6648 5697 5736 6079 6930 6294
15120 16784 15952 17460 17890 16840 17086 18568
1 1
1
7
1 7
1
330 500 748 390 97 218 632
1 5
7
630 2071 2800 3579 1342
2 4
5 2
7532 10033 9900 3840
3839 1549 3075 3240
2 3
204518 306393
984457 569311 444645
958208 658156 828612
2 2
10 8
1094 1100
754 720
2 3
7 8
11340 10767 1434
1705 11957 15840
1 7
5
1350 3000 2547 3313 964 500 2118
2 6
9 8
25 81 9 77 27 36
32 24 23 88 8 66
2 3
7 5
19088 16774 15750
12263 13750 13167
2 3
1 4
180 104 298
430 1251 880
2 5
2 1
12 12 8 18 15
6 4 8 11 6
