144
97 0 -1 0 97
1 96 0 -1 97
5 100 1 0 95
99 4 0 1 97
6 96 0 -1 102
8 98 -1 -1 153
7 95 1 1 149
98 11 0 1 91
92 5 0 1 103
4 90 -1 -1 147
14 99 0 -1 113
93 8 -1 0 101
0 85 1 0 115
7 92 1 0 101
13 97 0 -1 84
0 83 1 0 117
4 87 0 -1 91
100 17 1 0 117
8 90 -1 -1 149
17 98 1 0 81
5 86 0 -1 81
87 7 -1 -1 147
81 2 -1 0 83
93 14 -1 0 107
11 89 1 -1 90
91 13 0 1 96
89 13 -1 -1 151
86 11 0 1 103
83 10 0 1 107
2 75 0 -1 73
9 82 1 0 109
95 22 -1 0 117
22 94 0 -1 116
23 94 1 0 83
24 95 0 -1 119
75 6 -1 0 69
27 95 -1 -1 161
26 93 0 -1 119
23 90 0 -1 113
88 21 -1 0 109
87 20 0 1 93
11 76 1 0 113
95 30 0 1 65
90 25 -1 0 115
96 31 0 1 65
31 95 1 -1 132
17 80 0 -1 97
11 74 1 0 115
35 97 0 -1 132
34 96 1 0 70
10 71 1 0 119
36 97 0 -1 133
9 69 1 1 161
85 26 0 1 89
16 75 1 0 109
94 37 -1 0 131
70 13 0 1 117
82 26 -1 -1 154
15 70 1 0 115
78 23 0 1 99
82 27 0 1 91
67 12 0 1 121
44 99 0 -1 143
73 20 -1 0 53
0 52 1 1 174
94 43 0 1 63
60 10 -1 -1 135
88 39 0 1 73
19 68 1 0 113
50 1 -1 0 51
32 81 1 0 87
80 31 0 1 89
59 11 1 1 165
52 5 0 1 143
11 58 1 0 131
93 46 -1 0 139
51 4 -1 0 55
84 38 -1 0 122
59 13 -1 0 72
64 19 0 1 117
46 91 0 -1 137
56 11 -1 0 45
69 24 0 1 107
27 72 1 0 101
54 10 -1 -1 132
8 51 1 0 141
12 55 1 0 43
90 47 -1 0 137
8 50 1 1 171
77 36 -1 0 113
39 79 0 -1 118
47 7 0 1 146
25 64 0 -1 89
42 3 -1 0 45
45 84 0 -1 129
50 89 0 -1 39
66 27 0 1 107
77 39 -1 -1 158
89 52 -1 0 141
43 79 0 -1 122
9 45 1 0 146
58 23 -1 0 81
89 54 0 1 35
29 63 1 1 154
10 43 1 0 147
55 88 1 0 33
62 95 0 -1 157
63 31 0 1 106
75 44 -1 0 31
84 53 -1 0 137
10 41 1 0 31
60 91 0 -1 31
97 67 1 1 118
21 50 0 -1 71
33 62 1 0 105
27 56 1 0 117
61 32 -1 0 93
12 40 1 0 148
68 95 1 0 37
3 29 -1 -1 116
79 54 -1 0 133
54 77 0 -1 23
57 79 -1 -1 168
3 24 0 -1 27
33 12 0 1 21
49 28 0 1 123
11 31 1 1 79
7 26 1 0 167
74 93 0 -1 167
16 35 1 0 149
18 33 1 0 15
77 90 1 0 33
16 29 1 0 155
48 60 1 0 12
18 27 1 0 155
100 93 0 1 7
9 15 -1 -1 112
56 61 0 -1 117
29 34 0 -1 5
53 57 1 1 145
48 49 1 0 103
19 18 0 1 1
40 39 0 1 1
0 0 1 1 400
150
1 100 1 0 99
97 0 -1 0 97
99 3 -1 1 148
3 97 -1 -1 150
5 98 1 0 93
97 6 -1 0 91
99 11 -1 1 144
87 1 1 -1 157
91 5 1 -1 157
7 92 0 -1 85
2 87 1 0 111
98 15 -1 0 113
96 13 -1 0 109
14 97 0 -1 111
90 7 0 1 103
85 2 -1 0 83
100 18 1 1 141
2 83 0 -1 81
9 90 1 0 101
86 5 0 1 81
13 92 0 -1 105
82 3 0 1 115
4 82 -1 1 161
79 1 -1 -1 140
87 11 -1 -1 149
100 24 1 0 124
1 76 1 0 123
6 81 0 -1 87
79 5 1 -1 163
12 85 0 -1 97
87 16 -1 0 71
19 88 0 -1 69
98 29 -1 0 127
73 4 -1 0 77
72 3 0 1 125
20 89 0 -1 109
76 8 1 1 158
95 28 -1 0 123
17 84 1 0 67
99 32 -1 0 131
27 94 0 -1 121
5 72 1 0 123
96 30 1 -1 167
31 97 1 1 136
95 30 -1 0 125
23 88 0 -1 111
30 95 0 -1 125
76 11 -1 0 87
73 9 -1 0 82
0 64 -1 1 168
0 63 1 0 137
33 96 1 0 63
4 67 0 -1 71
85 23 1 1 146
83 22 0 1 95
100 39 -1 0 139
74 14 0 1 112
97 38 -1 0 135
18 77 1 0 105
89 31 1 1 140
63 7 -1 1 128
26 81 1 0 55
37 92 1 0 71
69 14 0 1 117
16 71 0 -1 87
57 3 1 1 170
56 3 0 1 141
73 20 -1 0 53
0 52 1 0 148
35 86 1 0 79
40 91 0 -1 131
94 43 -1 0 137
96 45 0 1 59
91 40 -1 0 131
51 1 -1 -1 126
68 19 -1 0 87
39 88 1 0 73
59 10 -1 0 69
0 48 -1 0 152
88 41 -1 0 129
97 50 -1 0 147
42 89 0 -1 131
95 49 1 -1 177
94 49 0 1 57
1 46 1 0 153
8 53 1 0 139
67 22 0 1 111
31 75 1 1 147
54 97 1 0 49
22 65 0 -1 43
61 18 0 1 121
25 66 0 -1 91
26 67 1 0 107
15 56 0 -1 71
33 73 1 0 94
53 14 0 1 133
70 31 -1 0 101
100 61 0 1 39
46 8 1 1 173
92 55 0 1 53
49 12 0 1 139
79 42 -1 0 121
34 71 1 0 95
48 85 0 -1 133
62 25 0 1 113
58 23 0 1 119
47 12 -1 0 59
36 1 0 1 163
24 59 1 0 117
70 37 0 1 93
77 45 1 1 139
63 94 0 -1 157
65 34 -1 0 99
51 82 0 -1 133
64 33 0 1 103
45 74 0 -1 29
28 57 0 -1 85
29 1 -1 1 114
24 51 1 0 125
50 23 0 1 127
41 68 1 0 91
10 35 0 -1 45
1 26 1 0 173
46 22 -1 -1 134
77 54 0 1 23
99 79 -1 -1 189
75 94 0 -1 169
9 27 1 1 182
66 83 1 0 51
34 17 -1 0 51
52 35 0 1 113
85 69 -1 1 108
60 45 -1 0 15
80 95 0 -1 15
68 54 -1 1 107
71 58 0 1 71
87 74 0 1 13
91 78 -1 0 169
37 25 -1 -1 131
76 65 0 1 11
18 7 -1 0 11
68 79 0 -1 147
33 44 1 0 123
38 47 0 -1 85
57 64 0 -1 7
97 93 1 1 105
88 91 0 -1 179
44 47 0 -1 3
79 80 1 0 41
0 0 1 1 400
164
68 32 1 1 4
37 37 1 -1 6
15 15 -1 1 3
75 25 1 1 37
58 42 1 1 63
30 70 -1 -1 4
50 98 1 -1 24
100 52 1 1 24
97 51 -1 1 23
6 51 1 0 45
42 100 -1 0 24
18 100 0 -1 82
46 4 1 0 58
4 54 1 1 21
48 7 0 1 16
48 23 1 0 29
5 45 -1 -1 25
1 40 -1 -1 89
88 49 -1 0 39
4 57 1 0 139
56 94 -1 -1 75
44 94 1 -1 25
53 9 1 1 69
99 39 -1 0 38
7 44 0 -1 51
95 58 -1 0 37
37 0 0 -1 37
62 98 1 -1 18
98 38 1 1 82
60 96 1 -1 18
38 3 1 1 45
83 48 0 1 35
11 46 1 0 35
0 65 1 0 35
98 36 1 1 83
58 8 1 1 17
0 33 0 -1 33
56 11 0 1 45
6 39 -1 -1 76
70 37 0 1 93
62 5 -1 0 57
57 89 -1 1 34
96 36 1 -1 20
2 67 1 1 57
59 76 1 0 17
93 38 -1 1 15
78 53 0 1 25
1 69 -1 1 16
58 12 -1 0 46
51 19 1 1 65
10 61 1 -1 50
60 11 -1 0 49
52 81 0 -1 33
16 56 -1 -1 36
12 40 1 0 48
16 44 1 -1 14
1 29 1 1 35
98 29 -1 0 27
98 28 -1 -1 13
51 77 0 -1 26
46 80 -1 -1 13
80 54 -1 0 34
45 80 1 -1 24
69 56 0 -1 87
16 41 0 1 43
4 72 1 -1 34
20 44 -1 -1 32
86 38 0 1 48
28 96 -1 -1 12
95 72 -1 0 67
8 69 0 -1 61
25 98 -1 0 27
19 42 0 1 39
52 26 0 1 22
20 42 0 -1 62
88 34 -1 -1 61
74 96 -1 1 39
45 23 -1 -1 34
17 38 0 -1 21
45 76 1 0 31
27 94 0 -1 67
35 15 1 1 25
100 20 0 1 7
100 27 -1 0 27
36 84 1 -1 24
82 62 -1 0 20
1 80 -1 -1 42
41 38 -1 0 79
50 31 1 0 81
79 98 1 0 19
61 21 0 1 18
25 7 -1 1 9
22 39 0 -1 61
23 60 1 0 17
65 18 0 1 117
50 33 1 0 17
25 42 0 1 33
1 17 -1 -1 59
9 75 1 -1 133
15 31 1 0 16
16 99 -1 1 16
0 85 -1 0 15
40 25 0 1 135
84 99 1 0 17
35 80 1 1 54
89 66 0 1 23
71 14 1 0 15
28 42 1 -1 7
2 84 -1 1 9
76 38 -1 -1 107
82 96 1 1 11
30 83 -1 0 47
73 86 1 0 41
50 38 -1 1 106
64 24 -1 1 120
44 32 1 1 62
78 10 1 1 6
81 7 1 1 56
24 13 1 1 42
66 55 0 1 11
91 80 0 1 29
51 38 0 1 13
36 53 0 1 11
60 70 0 -1 30
72 82 1 -1 5
39 29 -1 -1 34
100 90 1 0 190
71 81 1 -1 5
88 97 1 0 15
90 1 -1 1 14
76 15 -1 0 61
14 78 1 0 8
32 24 -1 1 4
48 59 -1 0 89
100 7 0 -1 7
16 91 -1 0 25
67 27 0 1 40
26 21 -1 0 5
13 18 1 0 5
2 7 1 0 5
92 13 -1 0 5
3 8 0 -1 5
96 91 -1 0 5
5 9 0 -1 14
82 78 -1 1 2
96 8 0 -1 12
66 30 -1 0 36
49 45 0 1 4
69 73 0 -1 104
71 68 0 1 61
79 18 0 1 3
55 58 0 -1 3
25 78 -1 0 3
16 86 1 0 70
3 1 -1 -1 52
73 71 -1 1 51
31 71 0 -1 2
26 27 1 0 1
41 60 0 -1 1
9 8 -1 0 17
58 41 0 1 17
36 65 0 -1 1
0 0 1 1 400
2 98 1 -1 400
259
24 76 1 1 23
76 76 1 -1 12
30 30 -1 1 38
39 39 1 -1 2
94 6 -1 -1 33
41 59 1 1 7
26 26 1 -1 6
98 49 -1 -1 120
22 71 0 1 7
1 53 0 1 48
48 98 1 1 27
55 100 0 -1 13
55 87 1 1 79
100 55 0 1 21
100 76 -1 1 12
4 49 0 1 47
2 46 1 1 26
51 5 -1 0 56
46 97 0 -1 27
46 70 -1 -1 8
50 7 1 -1 48
98 41 -1 0 39
2 43 -1 -1 17
15 26 1 0 11
99 59 1 -1 30
90 50 -1 1 20
6 46 1 1 24
59 1 0 1 40
51 9 1 1 20
49 9 0 1 40
43 96 -1 -1 18
25 78 -1 0 3
10 52 1 1 19
57 5 -1 0 62
49 89 -1 -1 19
89 49 -1 1 20
3 40 -1 -1 23
20 17 -1 0 3
10 47 1 0 43
53 10 -1 1 35
18 45 1 0 27
12 51 0 1 11
12 62 1 -1 25
1 37 0 1 62
7 43 1 -1 18
37 2 0 1 61
14 48 0 1 21
14 69 1 0 17
51 85 1 0 64
57 10 0 1 33
87 54 -1 0 133
96 63 0 1 41
37 95 -1 -1 16
83 49 -1 1 17
7 61 -1 1 23
16 52 1 -1 68
59 90 -1 -1 43
16 47 1 0 37
36 95 1 -1 27
63 68 0 -1 5
83 48 0 -1 25
83 23 -1 0 6
95 36 -1 -1 24
71 12 0 1 17
93 38 -1 0 55
83 52 1 -1 18
99 34 0 -1 35
0 31 1 0 31
55 15 0 1 30
7 37 -1 -1 22
59 89 1 1 26
63 7 1 0 44
37 93 1 -1 28
89 59 -1 1 15
86 56 -1 1 15
51 20 1 0 29
3 68 1 -1 42
45 26 -1 0 71
50 21 -1 0 29
0 71 0 1 19
0 90 -1 -1 45
29 0 0 -1 71
58 87 1 -1 25
83 62 0 1 55
11 40 0 1 49
56 84 1 -1 14
53 81 1 -1 14
84 44 -1 1 20
8 64 1 0 28
21 51 1 0 30
91 37 -1 1 27
32 4 1 -1 36
34 94 -1 1 20
42 85 -1 -1 16
26 69 1 0 5
97 30 -1 1 25
72 55 0 -1 27
66 93 1 0 41
22 48 1 1 15
96 30 1 -1 17
44 82 1 -1 19
51 23 -1 1 114
81 55 -1 0 36
50 75 0 -1 25
28 97 0 -1 25
45 20 0 1 35
2 27 1 0 25
10 35 0 -1 45
40 16 -1 0 56
100 24 -1 0 18
82 24 -1 -1 3
90 66 1 1 22
54 78 -1 -1 16
56 21 -1 0 35
87 36 0 -1 49
55 78 0 -1 20
55 58 -1 0 13
25 98 -1 0 27
31 8 -1 0 23
3 74 1 0 23
27 96 0 -1 23
67 89 -1 -1 28
80 42 -1 -1 11
90 32 -1 0 22
35 13 -1 -1 24
76 98 1 1 13
74 47 0 1 79
12 67 0 1 45
85 64 -1 0 21
72 8 1 -1 18
21 59 1 0 38
22 2 -1 -1 12
36 84 1 -1 24
81 100 0 1 19
26 55 0 1 19
77 4 0 1 19
90 71 0 1 19
18 63 0 1 7
18 70 -1 1 74
22 3 0 1 19
77 96 1 0 19
30 49 0 1 21
32 87 -1 -1 57
25 30 0 -1 5
73 45 1 -1 36
53 71 1 -1 9
73 91 1 -1 9
37 81 1 -1 22
67 84 -1 -1 30
37 54 1 0 9
80 37 -1 1 20
60 57 0 -1 17
79 62 0 -1 83
33 83 -1 0 50
19 35 1 -1 8
72 88 1 1 20
89 73 1 1 19
84 0 1 0 16
80 36 1 1 42
23 39 1 -1 8
75 10 1 0 15
56 29 1 0 15
94 21 0 1 85
15 0 -1 0 15
48 33 0 1 19
2 84 1 0 14
17 97 1 1 43
86 100 1 1 7
27 13 1 1 30
59 73 0 -1 14
64 50 1 -1 43
14 99 -1 -1 40
26 59 1 0 33
69 44 0 1 25
87 74 -1 0 13
6 81 0 1 25
15 2 -1 0 17
23 36 1 0 13
34 53 0 1 13
5 82 1 0 13
2 14 1 -1 6
23 11 -1 -1 17
79 67 0 -1 88
85 97 1 1 9
27 39 0 -1 12
89 23 1 1 44
17 94 -1 1 49
32 57 1 0 11
87 98 0 -1 11
78 33 0 -1 11
63 52 -1 0 15
97 86 -1 0 11
100 89 0 1 11
63 47 -1 0 10
98 88 -1 0 10
61 49 1 -1 44
52 62 -1 0 90
3 12 0 -1 15
78 87 1 0 9
21 12 1 1 86
93 98 0 -1 5
25 34 0 -1 9
61 48 0 1 91
40 49 1 0 11
18 9 0 1 9
39 52 0 1 9
68 24 0 1 8
65 27 0 1 38
76 16 1 0 40
70 22 1 0 8
29 79 1 0 92
47 61 1 -1 7
22 86 -1 0 36
93 15 -1 0 8
79 86 0 -1 107
42 35 0 1 23
19 88 0 -1 69
52 41 0 1 7
7 100 0 -1 7
16 91 0 -1 7
7 14 0 -1 21
13 20 1 -1 49
62 29 1 0 9
67 60 0 -1 27
93 100 0 1 7
100 6 0 -1 6
88 82 0 1 30
36 70 -1 0 6
14 9 -1 0 23
11 6 -1 0 17
28 23 0 1 5
36 41 0 -1 5
27 68 1 0 5
84 21 0 -1 5
54 41 0 1 105
51 45 0 1 4
91 5 1 1 2
31 65 0 1 4
70 74 1 -1 2
31 73 0 -1 42
11 7 -1 1 2
82 78 0 1 4
85 81 1 -1 48
93 90 -1 0 3
8 89 1 0 3
73 76 1 0 51
91 94 1 0 3
40 37 -1 0 3
72 69 0 1 3
53 50 0 -1 3
59 43 -1 1 8
3 95 1 1 1
14 12 0 1 2
21 23 1 -1 1
21 19 0 1 2
84 15 1 0 31
64 63 0 1 1
0 0 1 1 400
1 99 1 -1 400
130
77 77 -1 1 32
51 51 1 -1 84
65 33 -1 -1 2
16 84 1 1 192
39 39 1 -1 18
31 31 1 -1 6
11 89 -1 -1 2
97 51 -1 0 146
2 47 1 0 45
50 6 1 -1 178
52 95 1 0 43
100 43 0 1 57
3 55 -1 -1 29
52 6 0 1 46
95 47 0 1 58
97 44 0 1 53
60 0 -1 0 60
93 53 -1 1 70
42 3 0 1 55
0 39 1 0 39
38 100 0 1 62
40 98 1 1 31
60 3 0 1 37
1 63 1 1 18
42 94 -1 0 36
7 58 0 -1 51
65 100 1 0 35
2 37 1 0 35
87 47 0 -1 60
35 99 1 -1 32
12 54 -1 -1 133
89 56 0 -1 45
98 66 1 -1 34
64 6 -1 1 129
32 2 1 0 70
94 36 1 -1 171
68 3 0 1 65
69 98 -1 0 67
0 71 -1 0 29
89 62 -1 0 151
50 23 1 0 73
62 88 -1 1 37
92 34 -1 0 26
0 26 -1 1 37
36 10 -1 -1 23
65 90 -1 0 75
70 5 1 1 41
89 46 0 1 43
12 36 0 1 52
77 47 -1 1 65
94 71 -1 0 23
26 49 0 1 77
74 3 0 1 123
15 38 0 -1 23
6 29 0 -1 35
5 72 1 0 23
0 22 1 -1 11
78 44 -1 1 67
93 29 1 -1 18
27 6 0 1 21
77 97 0 -1 120
22 59 1 0 37
49 69 1 0 20
9 73 1 -1 132
23 41 1 1 118
82 99 1 0 17
90 27 0 -1 17
84 67 -1 0 51
70 47 0 1 23
80 3 0 1 17
2 81 1 0 17
56 72 -1 -1 64
46 30 -1 -1 188
27 42 1 0 31
64 79 -1 0 43
28 13 0 1 59
19 4 0 1 15
39 25 1 1 68
22 36 1 -1 7
31 17 -1 0 48
15 99 0 -1 84
30 83 1 0 53
43 30 1 0 87
81 94 -1 1 27
54 79 0 -1 33
86 1 1 0 13
8 79 1 0 71
57 31 0 1 126
75 13 1 0 38
32 21 0 1 11
62 49 -1 0 111
34 45 0 -1 79
81 8 1 0 11
38 28 0 1 110
66 43 0 -1 9
75 16 -1 0 91
72 81 0 -1 53
96 87 0 1 17
86 6 1 1 4
22 14 -1 1 4
17 91 -1 1 63
59 66 0 -1 25
9 84 1 0 175
62 45 0 -1 7
13 80 0 1 7
83 76 0 1 7
71 36 -1 0 35
8 2 -1 -1 105
73 21 1 -1 74
29 24 0 1 5
9 96 -1 0 13
37 32 0 1 5
40 35 1 0 25
33 28 0 1 105
25 70 0 1 55
29 67 -1 -1 48
8 12 1 -1 2
78 82 1 -1 2
11 8 0 1 3
12 15 0 1 97
24 73 1 0 49
93 96 1 0 11
17 15 -1 0 2
0 2 0 -1 2
21 81 1 -1 130
5 6 1 0 1
49 52 0 -1 3
76 77 1 0 47
0 0 1 1 400
2 98 1 -1 400
150
9 9 -1 1 8
63 37 1 1 2
49 100 0 1 51
52 98 0 -1 46
99 54 0 1 45
4 48 -1 1 78
98 54 -1 1 22
50 9 1 1 178
28 13 0 1 15
99 42 0 -1 43
48 8 1 1 122
45 94 0 -1 139
53 8 -1 0 45
39 100 0 1 39
8 46 -1 -1 127
4 59 0 -1 63
48 11 1 0 41
56 93 -1 0 49
50 86 -1 0 64
7 41 0 -1 34
60 94 -1 1 33
100 34 -1 0 34
51 15 1 1 17
34 100 1 1 33
38 5 0 1 33
92 41 1 -1 159
51 82 -1 0 33
47 14 -1 1 38
9 52 0 -1 43
87 54 0 1 59
10 58 0 1 52
88 57 0 -1 69
91 60 0 1 28
91 88 -1 0 3
98 67 -1 0 31
57 87 1 -1 65
7 63 1 1 15
19 49 0 1 70
86 44 1 1 35
57 13 1 0 56
69 99 1 0 32
84 45 -1 -1 25
59 20 0 1 39
7 64 0 -1 57
13 42 1 -1 15
28 27 0 1 45
32 97 0 -1 29
44 16 -1 -1 80
61 89 -1 0 72
65 92 1 0 43
21 48 0 -1 69
32 5 1 -1 39
71 34 -1 0 5
86 40 1 -1 27
96 70 -1 1 13
95 69 -1 0 126
46 20 -1 -1 33
78 48 0 1 30
9 66 0 -1 57
69 94 1 0 25
51 24 -1 0 75
15 60 0 -1 75
81 56 -1 0 25
61 15 1 -1 27
13 37 0 -1 50
37 15 -1 -1 76
37 16 -1 0 53
41 80 0 -1 21
90 31 0 -1 41
92 71 0 1 37
75 5 1 1 60
43 76 0 -1 119
77 42 0 -1 65
22 59 1 0 19
61 80 1 0 59
19 38 0 1 81
97 78 -1 0 19
25 6 -1 0 31
35 83 1 -1 124
54 29 -1 0 83
5 78 0 1 27
76 41 -1 -1 10
66 31 0 1 3
69 86 -1 0 83
8 25 0 1 67
22 94 1 -1 36
68 52 0 1 80
92 23 -1 0 115
75 60 1 -1 33
92 27 0 -1 35
2 17 0 -1 15
32 17 -1 0 15
48 33 -1 0 15
25 90 -1 0 35
16 2 -1 -1 59
70 44 0 -1 74
89 75 -1 0 114
80 7 1 1 29
91 36 -1 0 27
60 73 1 0 67
26 39 0 -1 13
30 57 0 1 13
20 67 0 1 13
37 49 1 -1 6
96 16 -1 -1 6
12 76 1 1 6
94 18 -1 -1 56
67 21 -1 1 23
63 48 -1 0 15
85 26 0 -1 11
81 30 0 -1 11
11 22 0 -1 11
39 50 0 -1 11
11 99 -1 1 106
82 72 -1 -1 27
91 0 1 0 9
42 67 -1 0 9
13 95 1 1 146
67 41 -1 0 126
1 9 1 0 8
56 64 -1 0 92
80 88 0 -1 8
75 32 -1 0 107
65 58 0 1 77
33 60 0 1 7
16 77 1 0 7
72 22 1 0 6
33 27 0 1 140
57 62 -1 0 19
93 98 0 -1 5
38 43 1 0 19
8 97 -1 0 5
95 100 1 0 5
29 34 0 -1 5
74 30 0 1 44
66 38 -1 -1 2
51 45 -1 1 3
24 27 0 -1 3
63 66 1 0 3
27 76 0 -1 3
17 14 -1 0 3
46 51 0 1 3
52 46 0 1 6
51 53 1 -1 1
41 39 -1 0 80
13 85 1 1 1
37 62 1 0 1
87 12 0 1 1
1 1 1 1 400
3 97 1 -1 400
239
78 22 -1 -1 21
78 78 1 -1 9
86 14 -1 -1 13
36 64 -1 -1 3
67 33 -1 -1 2
50 1 0 1 49
50 98 -1 -1 74
49 1 1 1 25
98 52 -1 -1 25
53 97 -1 1 28
5 49 1 -1 22
6 49 1 1 64
70 87 0 -1 17
96 47 -1 1 23
73 70 -1 0 3
3 55 -1 1 24
2 42 1 0 40
100 61 1 1 91
9 48 0 1 43
94 56 -1 0 38
11 49 1 1 20
10 48 0 -1 38
62 100 -1 1 31
3 59 -1 1 22
96 41 -1 0 37
43 6 -1 1 29
14 35 1 0 51
57 94 0 -1 51
46 90 1 -1 22
99 37 -1 1 81
43 7 1 1 25
8 43 0 -1 51
100 35 0 -1 35
62 3 -1 0 65
97 38 -1 0 35
44 9 0 1 47
6 41 0 1 29
6 70 1 1 62
91 43 0 1 48
98 64 -1 -1 31
13 53 1 -1 20
60 94 0 -1 34
64 2 1 0 38
11 45 0 -1 56
63 3 -1 0 60
7 60 1 0 53
0 33 0 -1 33
53 14 0 1 19
53 33 -1 -1 43
2 66 1 1 66
98 34 0 -1 32
1 33 -1 -1 17
33 99 0 -1 32
85 46 0 -1 31
6 37 1 0 31
89 42 0 -1 53
51 82 1 1 42
93 76 0 1 31
97 34 0 -1 37
32 1 -1 0 31
32 98 1 -1 33
93 37 0 -1 44
56 86 1 -1 15
66 5 1 0 39
15 43 0 -1 58
3 70 1 -1 34
37 36 0 1 1
92 65 -1 -1 64
28 1 0 1 27
52 21 -1 0 29
23 21 0 1 56
84 43 -1 -1 97
13 54 1 0 41
56 18 -1 0 38
5 31 1 0 26
84 42 -1 -1 13
86 61 1 1 23
91 84 0 1 7
69 94 1 -1 11
80 83 1 0 3
72 96 1 1 16
90 66 1 1 22
87 63 -1 0 50
55 79 -1 -1 117
54 22 -1 1 16
40 84 0 -1 124
61 85 -1 -1 123
76 48 0 1 28
64 12 0 1 24
66 11 1 1 28
94 39 0 -1 45
88 35 0 -1 47
84 61 -1 -1 35
49 26 -1 0 75
25 47 0 1 28
74 4 1 1 11
14 36 -1 -1 25
47 75 -1 -1 11
76 98 1 1 13
71 93 1 1 18
23 98 -1 0 21
22 57 0 1 65
75 4 0 1 21
31 89 1 -1 29
92 28 0 -1 20
70 10 1 0 40
67 13 1 0 6
73 13 1 -1 70
99 79 -1 0 20
26 94 -1 1 16
64 84 -1 -1 24
96 24 -1 -1 10
73 8 1 0 19
43 76 1 0 81
31 12 -1 0 19
61 80 1 1 38
99 82 -1 0 17
71 52 0 -1 23
3 78 0 1 17
3 95 -1 1 4
30 51 0 -1 81
81 0 0 -1 19
59 78 0 -1 19
72 54 -1 -1 13
28 90 -1 1 19
81 99 -1 1 41
49 31 1 1 10
75 57 -1 -1 16
4 22 1 0 18
54 28 1 -1 37
89 71 0 -1 82
29 11 -1 -1 20
99 19 1 -1 10
7 24 0 -1 17
100 83 1 -1 1
99 82 -1 0 17
48 31 -1 -1 38
10 7 -1 0 17
69 86 1 0 17
14 70 1 0 16
22 7 -1 0 15
19 96 0 -1 15
82 97 0 -1 15
37 78 0 -1 15
14 71 0 1 43
26 11 0 1 15
51 65 1 0 14
84 98 1 1 9
29 43 1 1 14
11 76 1 0 65
23 10 0 1 67
5 82 1 0 13
37 50 0 1 13
35 22 1 1 20
55 42 -1 0 13
12 25 0 -1 13
28 41 0 -1 69
18 5 -1 0 23
4 17 0 -1 21
47 65 1 0 18
34 78 -1 0 12
67 45 -1 0 22
92 80 1 1 14
60 28 1 1 6
80 68 -1 0 12
2 13 0 -1 15
30 81 -1 0 49
32 79 -1 0 53
55 66 0 -1 11
78 89 1 0 11
29 82 0 -1 53
28 83 0 -1 11
69 80 0 -1 49
99 88 -1 0 111
85 95 1 1 60
13 23 0 -1 10
61 49 -1 1 6
51 39 -1 1 6
4 86 1 0 10
58 32 1 0 10
6 84 1 0 10
78 13 0 1 9
94 85 0 1 9
19 72 1 0 9
58 67 1 0 75
62 29 1 0 9
21 30 0 -1 9
51 59 1 -1 4
27 19 1 1 27
86 6 0 1 8
77 69 -1 -1 23
86 22 -1 0 8
83 9 1 0 8
96 12 -1 -1 4
36 72 0 -1 8
53 61 1 -1 4
67 25 0 1 8
38 31 -1 0 69
58 51 0 1 7
85 92 1 0 23
99 93 -1 0 6
6 0 -1 -1 3
47 41 0 1 106
24 82 -1 -1 3
21 73 0 1 6
32 74 1 -1 21
4 90 0 1 6
17 11 -1 0 28
22 28 1 0 6
39 44 0 1 17
41 64 -1 0 5
62 42 0 -1 4
78 74 -1 1 2
54 58 1 -1 2
69 27 1 0 4
84 80 1 -1 98
81 23 0 -1 42
63 33 1 1 2
18 86 -1 -1 52
39 36 0 1 25
87 90 1 0 3
80 17 1 0 3
42 61 -1 0 3
97 100 1 0 3
20 83 -1 0 3
2 95 0 1 3
97 99 1 1 2
9 93 0 -1 2
61 59 -1 0 2
75 77 1 -1 1
51 53 1 0 2
13 89 -1 -1 1
99 3 1 -1 52
34 33 0 1 1
56 57 0 -1 1
78 77 0 1 1
8 91 1 0 1
0 0 1 1 400
1 99 1 -1 400
187
88 88 1 -1 43
6 94 -1 -1 6
73 27 1 1 40
1 49 -1 1 26
52 1 -1 1 44
8 45 1 0 37
49 2 0 1 49
49 97 1 0 54
1 55 -1 1 23
6 51 0 1 5
6 56 1 1 19
99 44 -1 0 55
1 56 1 0 155
54 4 1 -1 25
52 6 1 0 42
99 42 0 1 59
0 59 1 0 41
98 57 -1 1 41
57 98 0 -1 55
59 0 -1 0 59
4 45 0 1 51
56 3 1 -1 94
50 91 -1 0 41
90 50 0 -1 60
46 6 -1 -1 26
6 46 -1 -1 26
10 49 0 -1 39
1 61 -1 -1 81
51 11 -1 -1 31
97 59 0 1 38
45 93 1 -1 74
50 87 -1 0 63
57 7 0 1 50
50 85 -1 0 35
98 63 -1 0 61
40 95 -1 0 45
7 58 0 1 49
15 49 1 0 134
6 61 -1 -1 95
89 34 0 -1 23
86 53 -1 0 33
1 34 1 0 33
39 6 1 0 55
1 33 -1 1 84
89 57 0 1 54
99 33 0 1 66
69 99 1 1 16
64 94 1 1 21
38 92 0 -1 54
17 54 1 0 37
14 57 1 0 11
25 57 1 -1 16
45 84 0 -1 129
70 99 0 -1 29
35 94 -1 -1 35
0 59 1 0 41
50 21 -1 0 29
70 1 0 1 29
7 35 1 -1 14
63 9 1 -1 73
62 89 0 -1 27
71 2 1 -1 30
99 28 0 1 73
81 54 -1 0 135
15 58 1 -1 2
17 56 1 0 39
42 15 -1 1 3
39 18 -1 0 57
9 36 0 -1 27
30 97 0 -1 27
3 70 -1 1 78
75 52 0 -1 77
52 21 -1 0 31
51 77 -1 -1 64
81 45 0 1 74
36 90 -1 -1 13
51 24 -1 0 27
38 13 -1 -1 20
18 7 0 1 11
85 60 -1 1 130
45 10 0 1 35
63 88 1 -1 15
78 73 0 1 5
44 19 1 0 75
74 98 -1 -1 36
50 26 -1 0 24
66 10 -1 1 28
100 24 1 -1 12
75 99 1 -1 62
3 27 0 -1 30
0 77 0 1 10
0 87 -1 0 13
7 30 0 -1 37
41 18 -1 0 23
24 47 0 -1 71
71 7 -1 0 78
28 6 -1 1 161
33 89 1 -1 28
72 51 -1 0 23
26 53 0 -1 27
76 55 -1 0 31
34 14 1 1 26
30 50 -1 -1 40
63 83 1 1 27
60 20 1 1 110
18 62 0 1 20
99 20 0 1 79
6 25 0 -1 19
2 21 1 -1 22
24 1 0 1 23
98 21 0 -1 23
33 14 0 1 19
44 75 0 -1 31
74 7 -1 0 81
23 5 -1 -1 14
32 14 -1 -1 23
88 70 -1 0 58
11 71 1 -1 30
36 81 1 0 83
16 33 1 0 17
26 9 -1 -1 88
62 79 0 -1 17
77 60 0 1 17
46 71 -1 0 17
74 42 -1 1 16
24 92 0 -1 16
55 71 0 -1 126
11 73 1 1 8
99 17 -1 0 82
14 71 1 -1 13
27 58 0 1 15
79 36 0 -1 15
73 58 0 1 15
35 79 -1 1 28
75 61 0 -1 86
96 82 0 1 22
78 36 -1 -1 57
43 30 -1 0 13
67 20 0 1 13
87 74 -1 0 13
18 6 -1 -1 12
3 85 1 1 6
78 66 0 1 12
49 62 0 -1 11
70 59 -1 0 11
72 39 0 -1 67
98 87 -1 0 11
12 99 0 -1 11
13 23 -1 -1 18
37 53 1 0 16
70 40 -1 0 10
33 57 1 1 5
94 85 0 -1 79
11 98 -1 0 9
83 8 1 0 25
97 11 -1 -1 4
23 31 0 1 92
80 13 0 1 7
66 41 -1 0 7
13 94 0 -1 7
0 94 -1 1 53
48 42 0 1 10
8 14 -1 -1 11
25 69 0 1 6
95 10 -1 0 5
91 96 -1 0 95
43 47 1 0 104
14 82 1 -1 84
37 67 0 -1 30
56 48 0 1 8
85 18 -1 0 3
69 66 0 1 3
19 22 0 -1 3
37 34 0 1 3
97 0 -1 0 97
8 89 1 0 3
46 43 0 1 3
69 33 1 1 49
41 61 -1 0 2
53 45 1 -1 46
12 86 1 1 1
12 10 -1 -1 111
84 85 1 0 1
42 41 -1 0 1
16 15 0 1 1
0 0 1 1 400
2 98 1 -1 400
125
99 2 -1 0 97
98 1 -1 0 99
2 97 1 0 101
5 99 -1 -1 152
3 94 0 -1 91
100 9 1 0 91
1 91 -1 1 155
4 93 0 -1 89
96 7 -1 0 103
15 100 1 0 85
99 17 -1 1 141
93 12 -1 0 105
100 23 0 1 77
95 18 -1 0 77
0 76 1 1 162
83 8 -1 0 75
0 75 -1 0 125
78 4 0 1 118
0 73 0 -1 73
26 99 1 0 73
73 0 -1 0 73
96 24 1 1 140
96 25 0 1 71
19 88 0 -1 107
79 10 -1 0 89
1 70 0 -1 71
71 4 0 1 67
16 83 0 -1 99
28 95 0 -1 123
99 33 1 1 134
70 5 -1 0 75
98 33 -1 0 131
13 78 1 0 109
26 91 1 0 83
25 89 -1 -1 157
83 20 0 1 97
34 96 -1 1 169
99 38 -1 0 137
13 73 -1 -1 143
9 68 0 -1 77
79 20 0 1 101
86 28 -1 0 114
81 24 -1 0 105
37 94 1 0 69
25 81 1 0 56
12 68 1 -1 28
2 57 0 -1 59
82 27 -1 0 109
38 92 0 -1 130
13 66 1 0 121
5 58 1 0 137
44 95 0 -1 139
10 59 1 0 131
22 71 1 0 107
21 70 1 0 109
70 21 -1 0 91
37 85 -1 -1 161
53 6 0 1 141
7 54 0 -1 61
90 43 -1 0 47
95 48 -1 0 143
14 61 1 0 47
36 82 0 -1 46
50 96 1 0 54
43 89 0 -1 132
5 51 -1 1 177
91 46 -1 0 137
41 84 1 0 75
33 76 0 -1 43
99 56 -1 0 155
10 51 0 -1 61
58 17 -1 0 75
39 80 0 -1 41
65 25 0 1 40
88 49 0 1 63
80 41 -1 0 121
6 44 1 1 175
89 52 -1 0 141
67 30 -1 0 97
94 57 0 1 49
49 13 1 1 169
61 26 0 1 113
75 40 0 1 85
57 92 0 -1 149
31 65 1 -1 117
29 63 -1 -1 146
11 44 1 0 145
84 51 0 1 65
60 93 0 -1 33
6 39 0 -1 33
51 20 -1 0 31
97 68 0 1 35
25 54 0 -1 79
31 60 1 0 29
54 83 0 -1 137
64 92 0 -1 28
76 49 0 1 75
91 64 -1 0 27
23 50 0 -1 73
30 3 0 1 167
8 35 0 -1 43
49 22 0 1 27
42 67 0 -1 25
56 34 0 1 110
74 95 1 0 31
59 80 0 -1 139
89 69 1 1 121
29 47 1 1 162
69 86 1 0 45
87 72 -1 0 159
46 32 1 -1 193
90 77 -1 0 167
80 68 1 1 126
34 45 0 -1 11
40 31 0 1 9
24 15 0 1 9
86 93 0 -1 179
55 62 1 0 7
48 53 1 0 99
15 11 1 1 187
46 49 1 0 105
85 82 -1 0 167
5 3 1 1 196
77 76 0 1 1
0 0 1 1 400
125
99 2 -1 0 97
98 1 -1 0 99
2 97 1 0 101
5 99 -1 -1 152
3 94 0 -1 91
100 9 1 0 91
1 91 -1 1 155
4 93 0 -1 89
96 7 -1 0 103
15 100 1 0 85
99 17 -1 1 141
93 12 -1 0 105
100 23 0 1 77
95 18 -1 0 77
0 76 1 1 162
83 8 -1 0 75
0 75 -1 0 125
78 4 0 1 118
0 73 0 -1 73
26 99 1 0 73
73 0 -1 0 73
96 24 1 1 140
96 25 0 1 71
19 88 0 -1 107
79 10 -1 0 89
1 70 0 -1 71
71 4 0 1 67
16 83 0 -1 99
28 95 0 -1 123
99 33 1 1 134
70 5 -1 0 75
98 33 -1 0 131
13 78 1 0 109
26 91 1 0 83
25 89 -1 -1 157
83 20 0 1 97
34 96 -1 1 169
99 38 -1 0 137
13 73 -1 -1 143
9 68 0 -1 77
79 20 0 1 101
86 28 -1 0 114
81 24 -1 0 105
37 94 1 0 69
25 81 1 0 56
12 68 1 -1 28
2 57 0 -1 59
82 27 -1 0 109
38 92 0 -1 130
13 66 1 0 121
5 58 1 0 137
44 95 0 -1 139
10 59 1 0 131
22 71 1 0 107
21 70 1 0 109
70 21 -1 0 91
37 85 -1 -1 161
53 6 0 1 141
7 54 0 -1 61
90 43 -1 0 47
95 48 -1 0 143
14 61 1 0 47
36 82 0 -1 46
50 96 1 0 54
43 89 0 -1 132
5 51 -1 1 177
91 46 -1 0 137
41 84 1 0 75
33 76 0 -1 43
99 56 -1 0 155
10 51 0 -1 61
58 17 -1 0 75
39 80 0 -1 41
65 25 0 1 40
88 49 0 1 63
80 41 -1 0 121
6 44 1 1 175
89 52 -1 0 141
67 30 -1 0 97
94 57 0 1 49
49 13 1 1 169
61 26 0 1 113
75 40 0 1 85
57 92 0 -1 149
31 65 1 -1 117
29 63 -1 -1 146
11 44 1 0 145
84 51 0 1 65
60 93 0 -1 33
6 39 0 -1 33
51 20 -1 0 31
97 68 0 1 35
25 54 0 -1 79
31 60 1 0 29
54 83 0 -1 137
64 92 0 -1 28
76 49 0 1 75
91 64 -1 0 27
23 50 0 -1 73
30 3 0 1 167
8 35 0 -1 43
49 22 0 1 27
42 67 0 -1 25
56 34 0 1 110
74 95 1 0 31
59 80 0 -1 139
89 69 1 1 121
29 47 1 1 162
69 86 1 0 45
87 72 -1 0 159
46 32 1 -1 193
90 77 -1 0 167
80 68 1 1 126
34 45 0 -1 11
40 31 0 1 9
24 15 0 1 9
86 93 0 -1 179
55 62 1 0 7
48 53 1 0 99
15 11 1 1 187
46 49 1 0 105
85 82 -1 0 167
5 3 1 1 196
77 76 0 1 1
0 0 1 1 400
