20
241638 257893
161426 184898 186379
1 1 0
742154055 504238117 361677747
654423 284147
483478 468712 22916
2 1 2
775556161 593377338 145910966
2 4
1 1 0
0 1 1
1 1 1
4 8
1 1 0
0 1 1
1 1 1
10 30
5 5 5
0 1 1
1 1 1
246495 155410
149229 246293 202250
0 1 2
44883265 528488600 215719017
676874 516489
69732 227358 450038
1 1 1
197868883 498633147 394514730
795643 729007
259617 679895 41505
1 1 1
669149900 84172771 224069343
27193 262761
7362 7932 19908
0 1 2
576514953 933077352 456688846
697098 320762
16697 47343 568351
0 1 2
525554661 375469150 467141615
388280 42606
255817 361348 140863
1 1 1
605084666 628353716 16647459
589200 154885
563345 455508 550567
1 1 2
716993302 221116737 665699268
289939 130055
176569 43551 19523
2 1 1
725938192 55132933 239331339
5 20
1 1 1
1 1 2
3 5 7
800 4000
13 17 23
2 1 1
29 31 37
348937 720507
200303 95637 51577
2 1 1
109451695 209132836 183990710
687758 730619
327573 281134 4122
0 1 1
437192135 153695847 810964577
152042 204594
101674 75311 147633
1 1 2
840067818 589970656 366700943
456749 602836
20734 373480 197540
1 1 1
6632724 430496230 472466042
645770 338397
636852 48469 372617
0 1 2
97212074 798033440 163456775
