0.562500000
0.625000000
0.687500000
0.750000000
0.800000000
0.833333333
0.857142857
0.875000000
0.888888889
0.531250000
0.562500000
0.593750000
0.625000000
0.656250000
0.687500000
0.718750000
0.750000000
0.777777778
0.520833333
0.541666667
0.562500000
0.583333333
0.604166667
0.625000000
0.645833333
0.666666667
0.687500000
0.515625000
0.531250000
0.546875000
0.562500000
0.578125000
0.593750000
0.609375000
0.625000000
0.640625000
0.512500000
0.525000000
0.537500000
0.550000000
0.562500000
0.575000000
0.587500000
0.600000000
0.612500000
0.510416667
0.520833333
0.531250000
0.541666667
0.552083333
0.562500000
0.572916667
0.583333333
0.593750000
0.508928571
0.517857143
0.526785714
0.535714286
0.544642857
0.553571429
0.562500000
0.571428571
0.580357143
0.507812500
0.515625000
0.523437500
0.531250000
0.539062500
0.546875000
0.554687500
0.562500000
0.570312500
0.506944444
0.513888889
0.520833333
0.527777778
0.534722222
0.541666667
0.548611111
0.555555556
0.562500000
1.000000000
1.000000000
1.000000000
1.000000000
1.000000000
1.000000000
1.000000000
1.000000000
1.000000000
