solve_closest:433: points = [(0, -57), (1, -121), (2, -38)] | ret = ((0, -57), (2, -38)) |
solve_closest:433: points = [(3, 38), (4, 118), (5, 145)] | ret = ((4, 118), (5, 145)) |
solve_closest:450: strip = [(1, -121), (0, -57), (2, -38), (3, 38), (4, 118), (5, 145)] |
solve_closest:465: points = [(0, -57), (1, -121), (2, -38), (3, 38), (4, 118), (5, 145)] | retL = ((0, -57), (2, -38)) | retR = ((4, 118), (5, 145)) | ret = ((0, -57), (2, -38)) |
solve_closest:433: points = [(6, 205), (7, 281), (8, 201)] | ret = ((6, 205), (8, 201)) |
solve_closest:433: points = [(9, 145), (10, 197), (11, 269)] | ret = ((9, 145), (10, 197)) |
solve_closest:450: strip = [(9, 145), (10, 197), (8, 201), (6, 205), (11, 269), (7, 281)] |
solve_closest:465: points = [(6, 205), (7, 281), (8, 201), (9, 145), (10, 197), (11, 269)] | retL = ((6, 205), (8, 201)) | retR = ((9, 145), (10, 197)) | ret = ((6, 205), (8, 201)) |
solve_closest:450: strip = [(2, -38), (3, 38), (4, 118), (5, 145), (9, 145), (10, 197), (8, 201), (6, 205), (7, 281)] |
solve_closest:465: points = [(0, -57), (1, -121), (2, -38), (3, 38), (4, 118), (5, 145), (6, 205), (7, 281), (8, 201), (9, 145), (10, 197), (11, 269)] | retL = ((0, -57), (2, -38)) | retR = ((6, 205), (8, 201)) | ret = ((5, 145), (9, 145)) |
solve_closest:433: points = [(12, 252), (13, 344), (14, 248)] | ret = ((12, 252), (14, 248)) |
solve_closest:433: points = [(15, 335), (16, 376), (17, 288)] | ret = ((15, 335), (16, 376)) |
solve_closest:450: strip = [(14, 248), (12, 252), (17, 288), (15, 335), (13, 344), (16, 376)] |
solve_closest:465: points = [(12, 252), (13, 344), (14, 248), (15, 335), (16, 376), (17, 288)] | retL = ((12, 252), (14, 248)) | retR = ((15, 335), (16, 376)) | ret = ((12, 252), (14, 248)) |
solve_closest:433: points = [(18, 382), (19, 471), (20, 483)] | ret = ((19, 471), (20, 483)) |
solve_closest:433: points = [(21, 525), (22, 561), (23, 595), (24, 495)] | ret = ((21, 525), (24, 495)) |
solve_closest:450: strip = [(18, 382), (19, 471), (20, 483), (24, 495), (21, 525), (22, 561), (23, 595)] |
solve_closest:465: points = [(18, 382), (19, 471), (20, 483), (21, 525), (22, 561), (23, 595), (24, 495)] | retL = ((19, 471), (20, 483)) | retR = ((21, 525), (24, 495)) | ret = ((19, 471), (20, 483)) |
solve_closest:450: strip = [(14, 248), (17, 288), (15, 335), (16, 376), (18, 382), (19, 471), (20, 483), (21, 525), (22, 561)] |
solve_closest:465: points = [(12, 252), (13, 344), (14, 248), (15, 335), (16, 376), (17, 288), (18, 382), (19, 471), (20, 483), (21, 525), (22, 561), (23, 595), (24, 495)] | retL = ((12, 252), (14, 248)) | retR = ((19, 471), (20, 483)) | ret = ((12, 252), (14, 248)) |
solve_closest:450: strip = [(9, 145), (10, 197), (8, 201), (14, 248), (12, 252), (11, 269), (15, 335), (13, 344), (16, 376)] |
solve_closest:465: points = [(0, -57), (1, -121), (2, -38), (3, 38), (4, 118), (5, 145), (6, 205), (7, 281), (8, 201), (9, 145), (10, 197), (11, 269), (12, 252), (13, 344), (14, 248), (15, 335), (16, 376), (17, 288), (18, 382), (19, 471), (20, 483), (21, 525), (22, 561), (23, 595), (24, 495)] | retL = ((5, 145), (9, 145)) | retR = ((12, 252), (14, 248)) | ret = ((5, 145), (9, 145)) |
solve_closest:433: points = [(25, 452), (26, 410), (27, 472)] | ret = ((25, 452), (27, 472)) |
solve_closest:433: points = [(28, 475), (29, 562), (30, 493)] | ret = ((28, 475), (30, 493)) |
solve_closest:450: strip = [(26, 410), (25, 452), (27, 472), (28, 475), (30, 493), (29, 562)] |
solve_closest:465: points = [(25, 452), (26, 410), (27, 472), (28, 475), (29, 562), (30, 493)] | retL = ((25, 452), (27, 472)) | retR = ((28, 475), (30, 493)) | ret = ((27, 472), (28, 475)) |
solve_closest:433: points = [(31, 487), (32, 460), (33, 401)] | ret = ((31, 487), (32, 460)) |
solve_closest:433: points = [(34, 394), (35, 399), (36, 309)] | ret = ((34, 394), (35, 399)) |
solve_closest:450: strip = [(36, 309), (34, 394), (35, 399), (33, 401), (32, 460), (31, 487)] |
solve_closest:465: points = [(31, 487), (32, 460), (33, 401), (34, 394), (35, 399), (36, 309)] | retL = ((31, 487), (32, 460)) | retR = ((34, 394), (35, 399)) | ret = ((35, 399), (33, 401)) |
solve_closest:450: strip = [(33, 401), (32, 460), (31, 487), (30, 493), (29, 562)] |
solve_closest:465: points = [(25, 452), (26, 410), (27, 472), (28, 475), (29, 562), (30, 493), (31, 487), (32, 460), (33, 401), (34, 394), (35, 399), (36, 309)] | retL = ((27, 472), (28, 475)) | retR = ((35, 399), (33, 401)) | ret = ((487, 32), (487, 30)) |
a.out: 429d.cpp:466: std::pair<point, point> solve_closest(std::vector<point>): Assertion `pr1 && pr2' failed.
Aborted (core dumped)

real	0m0.227s
user	0m0.000s
sys	0m0.004s
