1000
70 100 38
81 45 30
77 76 20
85 84 21
90 63 36
80 22 42
73 9 85
7 79 5
45 24 7
58 63 62
12 24 3
27 69 53
14 10 10
92 31 9
80 2 41
63 97 5
34 29 29
62 24 38
29 21 89
74 32 16
33 35 34
100 55 38
59 72 79
85 13 84
16 35 59
88 76 98
41 48 10
31 11 66
82 24 95
100 91 95
19 80 12
67 94 53
41 32 82
62 44 84
95 88 7
53 80 34
100 31 11
91 54 60
50 66 61
27 56 28
17 73 94
56 65 95
81 64 70
12 72 83
0 44 99
94 7 87
46 100 56
90 47 68
28 89 30
79 13 6
29 21 13
14 65 87
70 67 75
47 25 9
38 13 28
49 34 10
87 63 16
5 77 3
50 65 61
70 72 24
68 45 5
12 100 82
82 35 76
20 94 40
7 34 65
9 78 90
58 12 24
75 68 11
75 9 23
16 66 92
88 55 34
32 81 7
81 13 32
16 20 13
32 98 7
4 62 87
48 39 20
12 9 17
81 4 75
87 12 14
72 53 57
34 72 48
12 39 71
44 65 58
32 43 54
47 88 70
5 100 52
91 24 30
19 61 77
13 55 55
32 71 93
46 13 25
72 82 11
51 16 84
46 13 67
99 60 89
82 94 57
89 42 1
57 14 13
32 15 55
96 95 29
98 39 27
38 36 53
32 10 75
73 60 73
96 28 17
51 7 31
57 52 31
50 95 41
78 12 26
8 58 1
84 26 67
54 73 68
44 52 32
41 85 26
73 43 35
69 96 3
92 55 47
2 93 86
63 38 11
14 60 30
81 3 94
88 45 37
1 97 39
74 13 7
93 68 55
42 25 39
1 54 73
30 5 25
52 56 84
55 98 32
29 71 99
88 7 40
17 37 79
21 60 67
66 17 16
13 66 1
2 48 25
7 13 96
12 55 55
86 67 92
78 23 25
22 61 99
82 79 96
44 19 7
43 81 99
83 83 38
16 53 10
93 24 72
81 79 13
76 85 40
10 72 100
92 10 71
84 63 8
37 87 8
96 46 59
22 2 57
53 100 79
46 60 87
71 81 41
79 37 2
0 99 43
27 61 19
90 77 46
93 26 48
22 84 76
10 22 55
67 43 20
38 20 36
51 16 83
36 65 62
75 63 74
36 4 21
31 20 6
100 89 79
19 32 69
17 55 29
77 46 25
34 10 100
43 58 83
3 31 48
36 22 35
17 26 74
5 21 40
99 62 71
76 41 73
39 62 18
9 67 78
39 43 22
43 47 33
76 47 70
36 32 85
45 70 62
20 41 6
100 91 18
0 57 27
7 52 70
93 5 46
11 10 80
76 7 28
28 12 87
98 31 67
29 25 59
72 15 93
100 70 91
11 83 30
87 22 56
85 55 91
67 88 33
24 60 67
2 20 12
2 67 55
4 25 17
35 43 32
87 28 17
54 31 99
61 71 58
97 16 13
75 33 74
70 16 5
58 90 100
6 45 79
38 3 52
10 19 4
86 25 64
21 63 84
43 48 99
18 82 44
64 38 29
99 97 98
12 98 95
28 58 46
47 68 48
56 91 37
25 17 18
14 98 61
34 78 66
12 85 59
38 6 39
84 75 56
83 88 33
65 77 76
90 16 86
7 55 85
7 84 93
95 29 87
7 56 41
73 5 80
51 61 55
98 57 37
82 42 37
24 26 19
18 66 28
7 21 17
37 13 100
100 6 94
91 63 85
16 81 80
13 63 44
47 1 94
96 55 72
47 2 34
10 34 82
29 11 42
57 92 78
88 17 100
75 96 31
4 79 33
57 10 21
14 19 22
34 26 6
58 58 81
99 70 86
6 74 32
9 3 8
64 70 73
77 91 2
7 68 97
50 69 97
22 75 38
11 99 88
52 37 89
48 19 14
31 8 81
83 15 78
94 54 91
68 85 59
46 69 58
27 65 77
13 64 42
67 43 16
46 4 73
67 3 26
95 21 59
25 93 2
0 55 55
75 28 25
6 53 79
31 90 6
100 97 2
100 17 30
93 61 47
16 46 80
35 73 75
60 81 83
4 57 29
84 40 70
33 58 9
79 40 83
38 68 94
42 91 58
100 60 84
19 67 40
29 37 5
20 28 98
75 12 4
85 71 33
66 25 14
28 16 5
38 4 1
47 88 38
8 20 80
64 88 26
25 43 87
54 18 72
4 84 60
10 37 85
100 1 1
39 81 80
7 55 65
12 25 45
7 52 33
4 99 54
16 97 9
4 8 40
52 27 39
99 3 95
85 68 41
17 81 100
95 95 17
34 64 3
95 61 13
18 89 10
28 46 55
85 16 71
84 5 4
7 54 41
91 83 54
77 31 9
22 28 37
83 45 78
37 24 17
0 32 79
65 83 43
57 87 8
18 75 8
33 24 78
12 88 91
10 32 14
80 53 38
65 42 19
79 4 33
94 20 21
5 92 68
54 86 32
11 45 47
20 98 70
59 98 12
37 33 85
81 38 96
21 52 78
87 20 40
44 52 32
42 62 90
55 71 46
26 7 46
37 3 58
8 31 78
70 35 40
67 77 35
23 36 86
45 58 33
86 14 22
87 37 94
54 28 31
92 3 36
15 40 98
25 63 58
80 78 67
37 77 96
46 59 25
44 5 97
25 18 17
67 23 25
41 67 73
13 64 55
10 38 38
55 32 37
19 7 99
54 69 77
51 39 32
74 86 67
28 75 45
78 28 94
34 44 71
57 61 15
61 18 70
84 24 17
75 2 67
42 67 14
76 9 32
52 90 42
85 2 99
24 29 11
6 27 73
48 48 69
88 5 55
13 94 70
49 97 30
34 74 94
17 2 33
55 12 25
33 84 61
56 82 23
70 87 37
37 26 33
75 56 53
37 62 67
28 88 81
71 86 34
6 68 91
16 86 48
96 100 18
82 87 30
7 13 7
87 5 14
15 28 37
7 33 36
51 76 26
51 9 46
99 13 4
7 29 92
38 8 35
20 73 83
24 89 95
54 6 54
99 10 38
37 17 62
47 66 68
40 79 88
95 44 79
31 86 25
86 7 52
2 86 38
59 82 94
34 85 73
50 22 39
52 68 11
32 27 27
91 10 23
28 62 38
25 85 66
22 97 31
84 79 77
59 96 91
31 57 62
26 54 1
45 54 78
97 40 45
59 30 95
72 98 89
52 22 97
36 64 15
62 17 11
59 19 85
99 99 99
54 93 10
80 66 44
5 4 81
98 55 70
15 72 4
25 47 39
80 5 56
55 94 1
90 24 63
69 62 92
60 87 90
54 84 77
55 82 21
15 74 4
6 90 18
10 67 92
24 57 38
61 56 2
99 92 73
57 58 89
66 22 24
52 60 75
84 1 80
67 60 11
45 58 69
82 97 70
37 33 18
44 27 57
82 47 46
90 14 81
75 79 54
53 61 85
94 29 22
77 89 85
40 9 35
8 3 76
7 95 21
86 75 33
31 40 41
83 41 63
96 97 9
36 17 39
36 60 91
1 52 5
5 74 9
6 54 76
33 12 86
13 82 4
86 22 44
85 74 65
1 95 53
28 1 34
92 82 14
72 45 65
59 31 96
86 15 32
66 90 100
67 45 84
30 25 5
5 19 45
61 11 97
72 9 77
84 63 23
52 71 59
79 87 63
27 5 38
31 37 19
0 39 48
73 94 45
22 95 30
14 12 58
55 37 9
53 76 77
74 29 63
93 8 68
77 46 98
71 52 15
13 69 20
42 4 54
13 68 39
23 79 47
25 24 95
64 25 83
94 41 86
95 62 96
16 15 64
59 30 79
85 93 63
32 77 66
45 19 56
20 71 63
57 76 70
89 99 82
21 17 22
94 24 53
91 41 56
46 26 68
62 57 13
2 64 93
98 13 29
59 43 87
60 34 72
34 68 35
29 23 13
72 83 63
96 23 79
16 54 82
44 4 23
50 27 13
52 44 12
92 33 47
12 83 57
35 87 31
34 66 96
53 90 67
1 74 53
77 65 16
61 55 7
31 30 58
97 61 94
97 10 91
58 20 9
40 29 7
39 39 55
23 58 58
53 86 23
3 38 18
36 12 28
61 11 61
94 30 67
57 98 14
93 85 66
63 47 47
78 13 34
95 52 21
16 81 32
77 75 10
74 35 91
82 28 71
43 99 74
90 58 66
12 33 57
33 69 55
66 15 25
68 55 29
91 96 80
42 33 8
58 20 22
53 6 61
14 78 60
56 87 92
91 47 20
76 45 72
23 17 75
8 67 44
38 31 43
1 87 21
49 42 78
12 59 63
15 87 67
23 65 87
13 98 74
42 65 78
1 23 57
65 89 98
69 39 59
77 83 58
75 36 52
70 35 42
13 9 38
72 84 72
22 64 65
33 56 65
28 95 81
1 87 71
51 65 58
2 47 93
6 74 68
93 54 6
41 88 72
33 34 86
84 18 41
81 64 71
32 14 83
29 94 95
37 56 98
78 22 46
27 81 7
38 27 52
61 65 100
54 7 5
73 6 68
67 60 99
98 87 25
64 82 82
30 41 28
63 18 95
60 98 27
66 98 21
4 86 31
46 74 16
3 8 88
83 25 47
98 83 39
35 35 60
18 61 15
55 3 20
34 72 75
29 81 85
0 27 62
83 27 46
3 98 22
90 37 82
8 88 1
40 67 34
28 11 21
25 61 69
51 34 61
32 47 87
20 62 88
16 96 54
82 98 10
64 76 28
71 75 25
31 9 91
60 83 20
35 62 33
11 78 3
70 25 2
19 23 85
20 18 1
82 65 54
38 15 17
56 83 72
12 8 16
79 100 64
89 48 41
51 32 31
73 66 59
100 39 9
13 15 91
74 35 78
0 30 70
84 53 47
98 100 65
14 59 83
16 20 69
97 44 64
68 6 13
4 78 15
15 29 66
44 71 96
60 29 94
44 26 6
77 67 94
52 69 42
17 31 57
77 89 75
66 96 69
62 87 92
23 89 93
45 39 5
56 6 32
56 35 42
4 11 83
81 38 43
85 85 71
47 32 85
77 88 1
52 39 2
91 9 77
58 36 22
81 88 84
0 33 60
79 48 76
93 73 82
19 77 96
90 69 64
20 60 75
72 96 80
81 16 88
33 18 17
36 42 44
23 34 79
54 99 95
23 7 3
76 82 99
52 23 15
76 10 62
68 63 40
52 96 17
34 92 25
63 73 6
2 32 95
22 4 96
52 91 16
100 6 31
28 14 70
75 31 59
59 75 48
98 28 93
49 78 52
35 64 17
67 89 59
75 91 13
20 56 69
90 70 34
57 75 37
75 97 39
8 90 85
57 28 81
6 36 66
93 62 100
74 83 52
89 21 73
13 99 9
66 75 25
15 81 30
17 43 82
97 88 98
32 60 75
69 96 28
94 53 82
49 79 11
59 22 76
35 97 48
76 23 47
2 76 15
15 100 82
84 74 99
40 47 81
100 37 76
7 72 10
82 32 14
66 89 30
55 94 27
64 16 62
21 61 42
24 98 37
6 23 99
28 74 83
69 77 100
1 7 59
75 55 81
25 65 34
73 93 3
61 6 25
4 45 66
91 59 33
85 7 21
100 61 33
19 59 93
21 84 62
3 82 67
17 89 70
35 8 16
91 77 4
28 9 52
35 29 87
11 45 87
30 74 67
66 16 67
55 36 81
54 53 91
87 81 48
83 62 4
9 77 77
28 37 95
93 21 57
14 33 90
62 46 8
51 72 5
53 3 4
85 9 98
67 54 42
46 60 37
83 77 98
2 59 23
47 66 45
82 2 69
15 90 92
84 69 3
21 66 14
43 54 4
68 47 78
14 72 37
87 40 57
34 15 71
96 23 25
80 74 70
22 21 46
24 8 15
92 38 94
21 81 30
97 87 65
95 20 58
69 25 52
79 12 10
31 43 35
52 33 14
79 69 11
91 48 60
18 13 17
47 27 8
39 5 38
97 76 47
83 56 97
4 38 5
41 97 37
23 35 44
77 83 32
89 41 20
68 76 65
60 4 61
24 57 9
41 97 68
81 53 85
81 14 29
63 74 95
3 96 47
20 46 39
47 39 84
3 83 27
9 76 39
29 90 66
25 25 97
41 54 55
54 72 3
16 5 23
91 77 63
79 6 20
48 77 79
31 10 68
17 17 24
47 74 14
97 69 86
38 13 25
14 89 2
42 58 87
75 93 5
100 45 18
91 86 32
42 33 100
94 30 1
42 93 63
21 57 20
98 29 77
10 5 43
35 57 4
97 96 54
79 29 41
62 67 78
5 36 8
41 85 37
99 35 58
17 79 13
58 18 38
20 46 63
22 14 70
91 65 22
16 58 27
78 56 13
13 46 10
1 42 57
34 54 33
25 68 86
78 92 39
17 24 45
48 59 23
64 20 30
62 18 5
100 35 40
94 6 97
14 81 78
24 66 29
70 93 6
68 31 60
94 29 61
79 6 30
54 70 59
20 11 46
50 22 62
59 46 2
31 80 31
61 34 14
65 77 89
46 13 17
89 11 13
97 37 34
20 39 43
42 35 78
46 100 80
10 36 76
86 82 81
100 84 72
97 40 88
100 74 54
69 3 81
75 53 41
60 86 100
1 94 5
1 73 59
49 37 81
65 46 89
99 91 5
43 24 79
56 61 7
62 90 75
97 7 12
91 86 25
20 73 91
30 61 23
9 10 84
100 76 79
79 88 11
55 99 81
79 91 11
31 11 98
11 60 98
41 35 64
50 36 93
85 67 94
82 45 77
3 53 40
