100
384 18204
778 26675
794 74963
387 12448
650 44727
363 15000
691 23620
764 50134
541 3970
173 336
212 5508
568 478
783 51698
863 54137
68 193
930 43459
23 26
70 527
394 1056
12 10
230 65
422 647
785 31525
199 4508
316 4950
414 5752
92 8
957 7585
863 2146
997 110405
306 4078
85 629
337 8438
847 76815
314 10356
125 967
583 39637
815 62331
435 8574
44 102
88 630
277 7492
789 53220
404 4255
755 16414
933 22278
677 50664
740 58722
227 2233
95 423
796 43106
435 10345
468 2015
98 370
318 4078
653 20868
302 3334
287 2607
866 11862
445 20991
441 10071
32 36
98 267
482 1462
710 28163
568 16999
498 25107
587 20378
307 2200
220 2020
529 14781
733 13501
504 9919
271 1634
709 22697
341 261
797 72059
619 20135
847 6755
922 22924
380 3548
765 61796
842 8557
194 1451
35 129
125 1174
988 71240
744 10200
228 3541
860 50112
433 21998
438 22364
276 3025
475 23038
859 45732
30 105
236 6409
819 65926
144 2207
929 13491
