50
3 103113195
51412422 207146523
343249683 281225200
414349919 372044018
18 1
0 0
0 1
0 2
3 3
3 4
3 5
1 0
1 1
1 2
4 3
4 4
4 5
2 0
2 1
2 2
5 3
5 4
5 5
7 3
1 5
2 3
2 1
5 1
6 3
4 4
4 5
50 6
0 0
11 7
0 11
9 14
2 2
3 3
0 13
6 4
11 8
2 10
11 13
0 8
8 3
9 2
14 8
1 9
14 14
2 9
3 7
2 5
0 4
13 10
9 5
10 5
0 12
3 5
10 14
3 14
10 6
13 7
4 1
2 3
1 13
3 2
12 4
11 6
11 14
9 8
14 12
4 13
4 8
3 8
0 9
1 1
5 3
12 9
6 12
12 11
12 13
8 13
16 2
0 0
0 1
0 2
1 0
1 1
1 2
2 0
2 1
2 2
2 3
3 3
4 3
3 2
4 2
3 1
4 1
7 6
8 5
3 6
9 2
4 5
3 2
1 8
2 8
18 2
0 0
0 1
0 2
0 3
0 4
0 5
1 0
1 1
1 2
1 3
1 4
1 5
2 0
2 1
2 2
2 3
2 4
2 5
24 161816016
306338309 365381731
424327598 416531604
3553141 363842467
292243182 431520909
329168664 225594959
357710809 382342346
207259156 390470585
91535818 35280523
111238784 235091408
228157016 121497037
79068730 56818217
321041021 319630520
194277208 123742805
335515600 93103064
377969409 429217269
154516505 103562748
3248495 233114763
318297589 424585562
362770028 88383598
320503558 366204539
78103846 286627537
124548872 418250461
98566453 169043862
421706600 18429986
18 1
0 0
0 1
0 2
0 3
0 4
0 5
1 0
1 1
1 2
1 3
1 4
1 5
2 0
2 1
2 2
2 3
2 4
2 5
28 60917302
134411547 172020346
88005030 40723033
142146787 207530573
23505398 86231981
17909608 253851351
156221339 193128998
67776722 20777507
5959756 131065174
111164338 217779165
51669455 111393180
260779574 270572541
180167176 38365917
110133512 12944712
14445129 161082456
78624914 10513269
233706867 15236151
36682233 37547124
263608535 107257444
212888721 116482384
798337 227166211
223354045 81551512
101980949 37295457
122110264 80736143
113699698 86658305
145932889 202708305
123242011 951599
264970215 76920985
209051062 34603017
4 1
0 0
0 2
10 0
10 2
50 17
5 5
6 9
6 5
3 9
2 0
6 8
7 5
10 1
4 3
2 5
3 5
8 10
1 2
10 3
8 8
9 9
10 0
7 4
3 0
0 0
10 5
4 4
7 2
4 6
2 2
7 1
3 2
9 1
2 1
0 5
5 1
4 1
2 3
8 1
9 8
6 7
8 0
1 9
6 0
8 3
3 3
5 3
9 0
2 4
9 2
10 4
7 7
9 4
1 8
1 6
50 4
9 6
12 8
6 0
0 3
12 11
9 8
0 5
2 3
2 5
2 2
7 1
12 9
0 9
6 1
0 2
10 12
0 1
12 7
12 3
12 1
0 0
11 0
12 10
12 4
12 5
1 1
3 1
4 4
9 4
0 10
3 5
11 11
1 9
11 1
3 4
10 5
10 7
8 9
8 1
7 7
7 6
5 2
5 3
6 9
9 0
12 12
0 6
7 0
1 11
4 10
28 44767505
181186924 144767130
242133347 119861799
159834697 184893063
357616997 307356452
205278980 250402163
52847692 94187684
276232156 245784292
344639144 104770811
33524714 44791221
196520427 193881106
56409384 314319676
14663493 263307435
323494763 163833938
90095570 360056251
283345269 112832941
256515477 248554112
291349642 47326257
183406311 293652671
337107342 23189877
5645789 27147892
296911182 318854600
337286663 292437817
230945478 341003225
251681383 20321545
17429490 125142665
102722598 357471324
27356879 3019067
102164736 25408749
1 6583114
112222962 83166220
13 17085395
230503305 190552376
188472219 121741981
174221626 237067635
83502450 207935232
57621320 62119128
171152179 267966985
20078319 244766761
166076994 74676751
188083054 175595101
229892737 181793706
266178459 79732647
101168740 12484881
159963723 236859163
24 3344937
21289585 26274613
7062274 26646895
48560245 1025877
40975875 11119135
17322804 12187835
26593000 3997900
26371100 38810501
40675593 29236984
42637554 9661348
25533491 41352394
34183254 8478090
8065291 29405575
41097022 47673667
9865294 39088031
13176181 18975489
36334608 333255
70567 46697156
46468509 47108149
45543068 38600997
18836736 35675383
45667202 6881856
157090 16837617
32280162 48816700
48575113 12709361
5 37822253
307997913 233965511
249314111 64528182
277158720 305440421
175924919 48084257
170916795 20915874
14 1
0 1
0 2
0 3
1 0
1 1
1 2
1 3
2 0
2 1
2 2
2 3
3 0
3 1
3 2
50 19
8 3
5 8
7 12
7 2
6 4
13 7
10 13
9 4
3 10
3 1
9 0
3 13
0 13
9 1
9 13
12 4
13 4
4 4
4 6
1 5
7 4
13 2
0 7
4 2
3 11
10 8
2 7
5 9
4 5
1 2
3 8
0 8
10 4
6 7
2 8
10 1
9 6
6 10
4 8
6 8
7 6
4 1
8 8
1 10
3 6
1 6
8 10
13 6
8 13
9 10
16 1
0 0
0 1
0 2
1 0
1 1
1 2
2 0
2 1
2 2
2 3
3 3
4 3
3 2
4 2
3 1
4 1
18 2662885
10761913 54603564
58270276 34899706
30447818 6708026
54583964 15135223
16209712 15338642
26458699 36232766
1285395 58402934
5547642 43864784
37205920 39829824
22733015 8004192
39834393 53267719
58403578 58459155
47357703 28917994
8672233 46875606
2366858 31191036
30086327 20491099
54822865 53925836
15073863 39578289
26 45922758
49883291 92905212
106757092 86840559
65556445 61578043
54477455 107777366
88832741 84806834
31368164 25237375
46560275 117929078
98095327 13534106
80203282 54844470
18888751 96908326
117774222 11104105
65122942 113911028
83754003 119260006
37064479 93316675
74590915 40848018
71658387 25609802
115223540 104135859
31314040 15805589
26441828 73570723
10981007 16635847
42194457 64940769
88452328 59703806
71951001 116284738
43724908 50543251
109398851 14462789
68208391 113423808
50 5
3 15
10 16
9 4
6 15
4 8
5 11
0 1
16 10
17 13
15 10
3 1
11 11
13 18
13 11
13 17
8 8
7 15
6 6
2 4
15 3
12 10
18 11
17 6
8 18
17 3
5 4
11 2
6 1
2 9
9 10
3 8
2 1
2 3
7 9
12 2
13 0
8 11
3 4
18 9
16 7
11 18
17 2
8 12
16 12
4 4
0 2
7 13
15 5
0 11
14 1
4 6606879
5445586 18730251
48324696 30867902
40405780 39597402
50423605 84193003
50 20
8 9
5 0
11 0
9 2
4 9
7 7
9 8
10 7
4 6
9 6
5 10
9 3
3 1
4 11
3 6
6 4
8 0
6 1
7 9
7 3
2 8
6 9
7 8
6 7
3 2
6 10
3 7
0 2
8 2
6 11
10 1
6 5
11 9
0 3
3 3
5 9
11 5
1 8
11 6
7 2
7 0
1 1
5 6
8 6
11 11
4 1
5 2
8 1
0 9
4 4
4 2
0 0
0 2
10 0
10 2
22 12831146
55470245 9220616
48539025 76324648
52157672 42587837
7967047 2278982
8587601 27351620
53252894 21691206
37065870 52857632
4064038 53388249
75452122 51130683
5786342 41316092
30489118 83095143
74617234 47597071
43776239 53361689
24567476 59777734
31800666 63782875
41902752 29336853
23327228 17952056
27563990 52830840
40566403 36072460
24175030 77005525
20902550 19145698
48532158 60465340
50 8
2 3
11 15
0 5
0 0
15 5
2 7
11 5
11 11
7 2
2 11
6 11
10 9
6 14
3 16
5 13
16 9
8 0
10 2
15 9
5 4
1 2
7 4
3 13
4 12
3 9
11 1
15 8
1 0
3 10
7 0
1 13
16 16
16 4
15 13
4 7
3 4
14 15
13 13
16 8
9 6
14 10
7 3
9 13
3 6
12 13
12 14
6 9
15 10
0 1
1 9
13 9509776
11096878 63489342
49060702 55508332
23618998 52252892
3891449 63928292
47467711 13872270
6058434 33984093
1663745 51854366
49756843 34828937
9046444 59272788
54810047 17878647
30774384 18220628
27014896 61833398
21402968 45600085
14 2
0 1
0 2
0 3
1 0
1 1
1 2
1 3
2 0
2 1
2 2
2 3
3 0
3 1
3 2
30 16499719
33043429 136550081
181322534 92800868
10311472 91642532
85579313 120871761
127634366 78500648
140213907 69380276
56596194 92592879
114837043 105635151
71465738 90949058
84061483 28893117
179341554 123259805
14774280 217422346
165137785 25314131
96313646 33485486
141153425 232871912
141842639 27875657
196553982 19342004
104857954 25455665
41777743 6320104
242385568 180858620
163999025 200429180
137657112 126090020
177461460 94813235
173072195 170783975
54940833 60250596
235620495 86052324
237672136 95516678
123575748 115898013
211511527 232900320
45729462 77275866
28 54858582
52075502 315598868
436177677 119693987
288430312 47915885
459693342 264524096
10680272 236834385
193620415 223048578
377386090 105201669
146905779 86515517
5996768 146446302
317876114 114077373
417738996 136888633
333510812 164586072
418894984 188063534
90728826 164777879
198941448 107990966
273453004 431663876
303368247 69625242
151641820 402508096
319037433 155356190
257647635 98425923
360855520 353853828
46086271 127206698
401762485 296669731
220459884 269381659
157446580 374921851
150237516 193504112
437778128 44296620
292524285 201721232
7 3
8 5
3 6
9 2
4 5
3 2
1 8
2 8
1 46067947
36938182 20619364
2 1
100 100
200 200
20 83366073
101289106 201127681
213750180 36378624
87522852 172669440
107231238 19004710
85088107 98639349
215141471 144328554
29222061 136667747
85230688 222650559
31805306 223940566
161147578 5177192
120043459 208918199
127005633 87047323
41184973 85095233
204242491 173773696
96608786 224956366
68443019 2909657
120276852 160641419
222557365 111785467
179344863 61264651
90357581 175854202
1 1
100 100
3 1
100 100
200 200
300 300
28 7010298
20259010 845744
28887952 28986004
1638618 27969512
43477242 54794457
17324934 54103948
46135454 48357062
18166050 54103977
22425308 15872568
1554006 8463319
9075641 43835253
23879253 45583195
19155511 52813269
28573311 36008541
31329856 33816781
28299879 40743296
14062012 26414169
29273006 6968099
11274178 30489222
46660174 3307444
22164714 20591065
52308531 38543916
10298817 12145951
37801155 17437866
52073622 3637010
4880511 11939440
7275249 46476581
44435393 4963060
20003619 21673261
23 5358370
25783697 4468986
68940686 22443596
49449993 58321103
9359185 44343306
18817395 69254687
22353944 16709095
20103609 1996648
45021801 67382437
14626103 69205710
33721422 24434170
12842568 2323165
20633026 43364027
16264900 29030104
66607439 37005294
4348646 2779950
17396385 60297
49431401 29805964
30839973 52950994
22011579 18240012
4545502 57843557
2754784 49405323
20655300 26052180
54227686 6744472
11 115143428
316236982 353504342
131022856 61855877
369455724 122111188
278454632 319744144
342292040 191136887
233139168 259391507
188462861 81994767
47450462 110510281
215512614 218409316
261822113 303242459
133937059 345457832
50 4
11 6
2 4
14 3
12 11
12 0
15 10
6 6
8 7
15 15
14 8
3 7
9 10
11 9
5 11
3 4
8 2
4 15
8 3
14 0
13 8
8 12
6 2
13 3
11 3
13 7
7 8
7 1
5 10
8 0
12 1
8 10
7 15
8 8
0 3
0 11
1 13
1 10
10 2
6 8
7 11
11 15
13 14
0 8
2 13
11 4
2 5
5 5
3 11
1 9
2 10
25 22732507
60577390 4437494
6230423 31330397
51887708 31933995
1825734 26141505
60486128 35249030
43955744 64555321
79082221 12448013
63583240 70873299
32742397 23757754
61237690 62173739
31170681 56348192
44344512 20485848
62709329 28449876
15709283 52233139
15738778 32305843
12136267 7567217
911724 26973594
57211718 66261140
18975257 24607680
77847562 77426846
16161744 18219568
30677162 69812641
79163490 465377
5316132 4993634
41529121 41099507
11 42001781
257380392 389486673
237778085 225127218
483922198 403617115
480653430 467713194
165377610 370532360
339995664 425037331
75279811 256903862
390929366 421293060
493636537 375681867
428300315 206981141
327098963 423090656
15 11559273
49987969 29470600
64063113 4336518
71085122 61848358
2159932 22559981
7103992 26818375
3002492 65670172
47620387 6649084
35614398 33393489
40932194 5359823
4707307 14752536
21199699 41630364
43099569 41468543
48743070 67168299
51433385 7946389
358816 72256110
50 8
11 8
9 15
14 17
2 9
1 7
15 13
16 10
9 12
11 7
7 13
17 10
1 16
7 11
8 7
16 17
15 16
10 7
16 1
10 0
13 17
12 17
3 4
14 15
2 11
6 5
12 4
3 13
1 8
0 8
14 8
2 2
16 6
13 6
3 11
8 0
2 5
4 6
4 9
17 11
5 5
9 2
7 0
17 0
8 8
8 2
0 1
1 6
2 14
4 11
15 1
7 47181579
210244121 116087520
170368931 200603904
251841970 123925273
19035462 228359103
21985324 68714259
107081716 119997842
219561976 193881654
18 2
0 0
0 1
0 2
3 3
3 4
3 5
1 0
1 1
1 2
4 3
4 4
4 5
2 0
2 1
2 2
5 3
5 4
5 5
9 9109890
146406236 342122192
17099715 287070459
345023311 376855393
202550948 388340086
149858946 198924886
34790302 140160721
185688842 67676082
131013723 92824218
244634192 337834843
