10
15
649760483 635723057 542999173 911549671 985560283 902724289 611537767 938792353 852118609 968338081 537127823 738433447 662739659 557418413 823089403 
15
797073931 711645629 753207667 846942589 630668849 614723509 637949903 983690359 775473779 815209183 996060031 686090423 907392287 902961677 586903181 
15
605539853 859031527 845367821 941727079 615935701 639806731 769400341 830539027 821066333 812994979 538626919 626250253 789547079 917076371 511671341 
15
862292113 833215349 658381489 947395523 610506581 989241887 620089367 604561847 792413407 847584259 525084103 827385947 915675637 692981711 573666703 
15
912163027 756098471 987105989 812186357 740959159 695991607 809766499 950881303 632688289 616423771 610993021 568122271 533261887 813511373 968519711 
15
575705359 716898499 882926237 745466377 615115451 608785477 730674391 579952357 868062953 645975353 519382889 798027449 574620391 744161699 916768481 
15
645376091 543906157 749152981 945834941 727843427 612043669 908347189 862243423 796082017 699311791 574690957 736616557 909907849 610980451 635177293 
15
717985591 689409563 717010949 910053149 601698077 743018179 830992291 992209117 658535329 988992209 924264277 751002779 831083597 657262423 920703859 
15
700313513 874545811 603822257 536869523 616391563 713153957 530121283 667793081 665676889 958757441 979575251 990217933 576982349 726351137 684812749 
15
674062381 794124049 927203621 545552363 975777613 607920491 798484483 782806231 600766759 523465511 728671157 756772873 973294813 952947991 901542107 
