10
1
999999613
2
999999761 999999587
3
999999739 999999797 999999613
4
999999667 999999893 999999587 999999929
15
999999937 999999541 999999733 999999667 999999797 999999761 999999503 999999677 999999587 999999751 999999929 999999527 999999757 999999613 999999883 
15
999999587 999999667 999999757 999999761 999999503 999999599 999999541 999999607 999999893 999999613 999999527 999999677 999999751 999999733 999999929 
15
999999761 999999541 999999751 999999677 999999739 999999503 999999929 999999667 999999527 999999607 999999599 999999883 999999797 999999587 999999937 
15
999999677 999999733 999999761 999999751 999999757 999999929 999999613 999999587 999999599 999999607 999999797 999999503 999999893 999999937 999999527 
15
999999733 999999893 999999541 999999587 999999757 999999613 999999797 999999503 999999929 999999739 999999599 999999607 999999937 999999751 999999883 
15
999999757 999999541 999999937 999999751 999999613 999999797 999999599 999999929 999999893 999999503 999999761 999999677 999999883 999999733 999999527 
