100
11 5 16 5 0 0
3 1 3 2 2 0
3 1 3 2 1 0
2 1 5 1 1 1
99 1 97 50 0 1
95 8 87 54 1 24
92 1 24 49 0 4
98 1 100 50 0 1
79 1 4 46 4 1
93 1 50 47 0 2
100 1 94 49 0 1
95 1 24 51 0 4
98 1 47 48 0 2
31 1 91 12 2 1
97 1 97 47 0 1
90 1 94 46 0 1
80 15 55 89 33 87
21 1 31 12 1 8
97 1 93 49 0 1
92 1 90 46 0 1
99 1 97 49 0 1
64 7 65 35 9 2
100 1 91 51 0 1
95 4 86 18 24 3
90 1 100 44 0 1
99 1 100 50 0 1
99 1 46 51 0 2
100 1 32 52 0 3
92 1 46 45 0 2
95 4 23 34 0 0
95 3 43 50 4 4
97 1 39 1 1 1
99 1 97 48 0 1
91 1 91 45 0 1
28 5 50 7 0 0
98 1 91 49 0 1
1 6 31 71 1 4
92 1 19 23 0 0
96 1 34 49 3 5
91 1 90 44 0 1
71 10 99 90 13 9
100 1 90 50 0 1
88 5 70 46 2 24
36 41 85 76 28 49
96 1 95 47 0 1
88 5 94 51 5 8
99 1 92 48 0 1
90 1 48 45 0 2
39 2 81 20 1 6
41 1 96 23 1 6
99 1 91 50 0 1
99 1 98 48 0 1
90 1 97 45 0 1
98 1 68 53 1 31
72 1 72 19 3 1
100 1 45 44 1 32
93 1 94 47 0 1
96 1 32 50 0 3
92 1 91 46 0 1
94 1 32 47 0 3
93 1 95 47 0 1
21 1 67 9 2 7
100 1 97 51 0 1
94 1 90 46 0 1
97 1 96 48 0 1
68 1 48 27 2 12
98 1 22 51 0 4
91 1 91 44 0 1
86 1 78 38 2 29
92 1 92 46 0 1
91 1 96 45 0 1
99 2 2 8 0 0
97 1 96 47 0 1
100 1 30 50 0 3
98 1 100 49 0 1
95 1 24 47 0 4
99 1 100 48 0 1
11 4 70 57 25 28
47 1 77 96 3 53
96 1 22 51 0 4
26 1 86 10 2 2
37 1 12 92 3 30
96 1 22 47 0 4
100 1 90 51 0 1
98 1 48 50 0 2
94 1 62 45 3 24
90 1 99 45 0 1
94 1 31 50 0 3
11 44 62 9 18 4
90 1 93 46 0 1
92 1 98 45 0 1
55 1 76 52 3 19
98 1 95 50 0 1
99 1 31 50 0 3
98 1 97 48 0 1
26 1 60 13 3 2
92 1 46 47 0 2
98 1 31 48 0 3
88 7 48 60 0 0
99 1 25 53 0 4
