99
6 2 0 2 0 2 0
3 1 0 2 0 0 0
774 349 0 23 0 402 0
495 203 0 63 0 229 0
783 50 0 373 0 360 0
566 155 0 160 0 251 0
262 67 0 98 0 97 0
5 1 0 1 0 3 0
452 181 0 204 0 67 0
3 0 0 0 0 3 0
1000 334 0 333 0 333 0
711 328 0 44 0 339 0
999 249 0 500 0 250 0
536 120 0 248 0 168 0
262 63 0 97 0 102 0
518 230 0 181 0 107 0
784 259 0 322 0 203 0
668 311 0 310 0 47 0
99 43 0 12 0 44 0
96 11 0 46 0 39 0
101 47 0 25 0 29 0
494 120 0 106 0 268 0
381 124 0 159 0 98 0
168 61 0 40 0 67 0
467 224 0 227 0 16 0
4 2 0 1 0 1 0
531 261 0 175 0 95 0
6 2 0 3 0 1 0
4 1 0 2 0 1 0
49 17 0 9 0 23 0
3 2 0 0 0 1 0
5 0 0 2 0 3 0
255 67 0 72 0 116 0
492 83 0 181 0 228 0
141 37 0 34 0 70 0
898 331 0 220 0 347 0
926 390 0 334 0 202 0
5 2 0 1 0 2 0
7 3 0 2 0 2 0
489 290 0 23 0 176 0
981 462 0 60 0 459 0
18 8 0 6 0 4 0
259 71 0 56 0 132 0
272 46 0 129 0 97 0
38 14 0 13 0 11 0
620 222 0 119 0 279 0
4 0 0 2 0 2 0
35 6 0 29 0 0 0
1000 1 0 500 0 499 0
272 6 0 264 0 2 0
18 7 0 6 0 5 0
111 15 0 54 0 42 0
960 400 0 125 0 435 0
444 170 0 123 0 151 0
526 233 0 42 0 251 0
4 3 0 1 0 0 0
119 16 0 51 0 52 0
729 231 0 136 0 362 0
4 2 0 0 0 2 0
999 333 0 333 0 333 0
615 164 0 215 0 236 0
6 0 0 3 0 3 0
999 499 0 500 0 0 0
538 160 0 156 0 222 0
471 17 0 228 0 226 0
847 372 0 151 0 324 0
652 307 0 262 0 83 0
534 238 0 113 0 183 0
380 6 0 12 0 362 0
567 140 0 147 0 280 0
256 124 0 74 0 58 0
894 355 0 100 0 439 0
163 78 0 58 0 27 0
1000 499 0 0 0 501 0
563 178 0 216 0 169 0
607 195 0 176 0 236 0
3 1 0 1 0 1 0
621 310 0 72 0 239 0
623 262 0 170 0 191 0
38 3 0 18 0 17 0
603 173 0 193 0 237 0
124 7 0 59 0 58 0
29 4 0 21 0 4 0
1000 500 0 0 0 500 0
375 85 0 141 0 149 0
1000 250 0 250 0 500 0
500 191 0 178 0 131 0
705 265 0 279 0 161 0
4 1 0 1 0 2 0
875 179 0 321 0 375 0
999 250 0 250 0 499 0
500 105 0 238 0 157 0
297 104 0 85 0 108 0
60 29 0 13 0 18 0
999 499 0 1 0 499 0
623 199 0 168 0 256 0
356 11 0 257 0 88 0
155 30 0 63 0 62 0
696 132 0 25 0 539 0
