100
20
1
123
000010100
030
11000000
421100000
000100010
11000
1000000
100100000
1222
000100001
1000
110
100010000
100000000
100000100
322110000
211110000
000101000
0012
11030021
10
7633113
000001100
010100000
001000001
110000
1111
0100000
100000
111111
12010
11111111
001100101
100
41000
01
603753306
421110000
000001001
11
111111111
001001000
013004010
000000011
100110
321110000
10000
010000100
000110000
244206
101000000
111
12002010
0100
000010010
349435239
000000110
010000010
001010000
0712316
100000010
010001000
232651
300
1100000
100001000
01000000
531000000
110000000
000010001
000000101
13011101
001000010
1107011
100000001
000001010
11111
010
010000000
10000000
222200000
1100
222210000
222111000
010000001
001000100
000011000
1111111
000100100
001100000
021102
010010000
3026701
313
01000
011000000
010000
