100
20
1
123
1100
023
0202
210
01100
10001
111
10100
04010
003
102
0100
20030
0120
31100
3100
1000
0112
00011
4313
1002
11002
10545
013
021
1102
01003
10020
33004
10021
1111
11000
020
30002
0101
0040
201
11003
00202
030
0003
1030
220
300
04100
101
1001
1012
223
0004
11010
2110
01
012
1112
22100
110
1120
100
11
0200
22010
00004
21100
0011
010
11300
0102
00104
10325
10000
30010
0010
00032
01001
1101
21110
0110
12100
10
200
32000
00110
11100
01000
2001
120
10010
00101
01010
31000
3010
43153
11111
00014
0013
02120
