100
20
1
123
2101
01310
3000
11111
012
00410
1003
10201
10031
01001
30000
1111
0030
31100
00011
020
030
11000
0004
22504
3010
002
02001
0100
300
22000
20021
32000
1100
00001
010
02021
101
1201
111
10001
0120
00032
00104
20020
10010
31000
10100
0301
100
02102
4413
110
11
00014
001
310
01220
12101
14000
30010
01202
0310
12011
31001
0201
21100
10000
01010
45153
02012
1000
22100
01
01000
00101
0040
10211
0220
2001
003
2421
11210
00110
01211
21200
200
103
2002
0031
1021
01100
04000
1024
01022
1012
10
102
321
2302
21000
02142
